22.4877 19.9776 19.2732 57.6535.
22.3891 20.4212 19.9668 61.4857.
22.1174 20.3016 19.972 66.4319.
21.7922 20.7019 20.4641 66.6086.
19.9323 20.701 21.0054 66.1102.
19.1828 20.5769 20.6323 65.3829.
19.6232 20.946 20.6611 64.286.
21.2673 21.9685 23.209 62.5096.
21.8262 21.4243 22.5055 59.1688.
21.3432 20.9214 24.8358 63.3851.
21.2715 20.0408 23.2304 61.7534.
23.2971 20.8314 23.751 57.4429.
25.3122 20.6236 23.17 55.4938.
25.2663 19.6372 23.3194 52.3395.
25.7298 19.0324 23.1797 51.8789.
25.9094 19.4345 21.8916 54.1942.
26.3296 20.5814 21.1525 51.2879.
26.3376 20.775 22.1338 53.5642.
26.9049 21.7345 22.4226 50.9612.
27.4432 22.588 22.076 52.1232.
29.3616 22.0987 21.6956 53.1226.
28.7066 21.0546 21.4813 58.8247.
28.7345 19.8821 20.9674 60.0075.
28.8724 21.0832 20.7758 60.8337.
28.4223 20.7962 19.527 58.1107.
27.0232 21.4572 19.9146 59.6645.
25.2335 21.3324 19.9414 60.4.
24.6503 21.1832 20.0671 60.1651.
23.6572 21.5528 20.4207 61.3429.
23.507 20.7012 20.45 60.1015.
21.5717 19.0168 20.1047 59.2653.
23.7539 19.3553 20.7876 57.7404.
25.7274 20.2102 21.4155 59.1569.
26.1073 19.2445 24.4909 59.344.
27.0654 20.0399 24.8251 61.0591.
25.9566 19.3629 24.5636 58.1839.
25.549 20.4858 24.7873 54.0454.
24.2149 20.7771 24.4167 53.781.
24.2642 21.0715 24.8689 52.3255.
24.6973 21.6006 25.5911 51.0509.
24.6623 21.3321 25.6099 48.1689.
25.3533 20.7763 26.4724 48.0184.
25.3594 21.2329 27.0068 47.4517.
26.2065 21.137 26.9712 48.6967.
25.7468 21.787 28.0892 47.251.
26.8505 22.1794 28.7298 48.3831.
25.1988 21.4188 28.2455 52.9772.
24.6866 20.972 26.1884 52.5734.
22.4741 20.898 24.2284 49.1456.
20.7477 20.4347 23.8419 50.0282.
20.238 20.2364 23.9576 51.9175.
20.3784 19.614 23.3389 54.3935.
20.7412 19.1593 22.916 54.7223.
23.3286 19.6401 24.131 55.6335.
23.0003 19.4806 23.4663 58.0928.
23.4545 19.6234 23.9597 61.3604.
22.8921 20.3843 23.3507 61.1621.
22.8723 20.8227 24.5164 58.7327.
22.5925 19.3877 24.9754 55.7415.
23.7979 18.9118 25.2645 60.2153.
23.0805 19.3692 27.2442 61.4306.
23.4052 19.1185 28.0136 60.3481.
24.0094 19.4748 27.0774 64.6258.
26.214 19.1302 28.4966 63.4993.
28.7528 20.606 28.9473 67.031.
28.5652 21.4993 29.6107 63.6563.
30.1801 21.1162 29.6846 61.9088.
30.2984 22.1964 29.542 62.8435.
29.912 21.9762 28.7177 61.5655.
30.95 23.7055 28.4431 59.0812.
32.0049 23.8155 28.6996 57.0179.
31.2964 23.2685 27.3785 57.541.
31.1538 23.5349 25.7009 59.0388.
31.0468 24.078 25.495 63.9491.
30.0507 24.0892 24.9918 61.8965.
30.3191 24.0156 23.1921 57.14.
29.6568 23.6966 22.3539 57.2685.
29.0422 23.6658 22.3472 51.2691.
26.5633 23.2809 22.3011 54.1709.
27.4904 21.9849 23.2964 49.6098.
27.5266 22.4959 23.7069 48.856.
27.3355 24.0486 23.8125 52.3281.
28.1581 23.3853 24.9939 51.7345.
25.4996 24.1173 25.4876 50.94.
24.4371 21.7494 25.1932 51.4474.
25.2853 23.2685 24.2785 51.4483.
24.697 23.5597 24.7012 53.0418.
26.6342 24.5936 25.2273 52.7896.
26.0952 24.6056 25.4882 50.316.
26.8553 25.0075 27.449 46.4128.
26.2744 25.7169 28.3384 46.5826.
2014-02-04T10:28:10 - Warning: CursorFeedbackTask::Process: features[1-4]: 25.4529 21.331 24.1254 56.5719.
2014-02-04T10:28:10 - Warning: CursorFeedbackTask::Process: classified the target as 0 with a posterior of 0.989802.
27.1911 22.785 28.198 51.4949.
26.911 22.7814 28.2952 49.5927.
27.1979 22.9494 30.6296 51.722.
27.7225 23.2716 28.8811 48.1643.
27.263 23.7684 29.2867 46.9739.
25.6955 24.4502 30.233 43.8859.
24.3993 23.6552 29.9677 45.4321.
25.259 24.5342 29.8245 49.9626.
25.0786 24.2179 29.1277 47.7223.
25.0945 22.2703 23.8417 48.0286.
23.5756 22.0361 23.6224 46.9594.
24.9739 23.0741 24.4132 45.4919.
24.9553 22.7233 23.9281 47.8382.
26.4069 23.1428 24.2121 49.3332.
26.724 22.2936 24.4307 51.4224.
26.7989 22.6473 25.0379 53.1739.
28.019 24.0922 25.203 53.8393.
28.6384 24.5295 24.1246 53.3043.
28.6675 24.2103 23.5186 53.4993.
29.3315 23.8494 23.5338 54.8209.
28.7816 22.8672 23.3238 56.4807.
28.2477 23.0662 23.2168 52.4729.
28.2055 22.4653 22.4422 49.405.
28.8193 22.7386 22.2953 51.6188.
28.7889 22.9682 23.5861 54.6593.
29.1518 22.7837 23.6689 52.0235.
28.7532 22.9488 23.3137 50.1575.
26.8051 22.2556 23.422 52.7765.
26.0525 21.7204 22.769 50.7554.
25.8387 22.4502 24.8947 50.8515.
26.0004 22.4677 26.4056 48.3352.
24.2877 20.0101 26.2471 49.001.
23.6699 20.0444 26.7002 48.726.
23.3793 20.0656 26.8524 45.7197.
23.8637 20.5163 26.4564 48.5193.
23.7167 21.4901 26.9943 46.8563.
22.8984 21.3217 28.0024 50.1575.
22.4338 21.1594 28.053 54.1176.
21.3795 20.9538 27.6303 53.5559.
22.2135 21.0263 27.118 50.5432.
22.514 21.0799 26.6978 50.0853.
22.455 20.5671 26.8709 49.6507.
20.5254 19.1538 26.7304 49.5524.
21.0623 19.3978 26.7296 50.6678.
20.9058 18.1907 23.2215 49.1587.
20.4377 18.0338 22.1616 50.5767.
19.9656 17.9154 21.3617 49.3338.
20.3626 18.2716 19.9175 52.1102.
20.7578 18.4697 18.9644 51.4803.
20.2456 18.8848 20.2107 47.1092.
19.4315 17.3783 18.9465 45.5081.
19.668 17.4317 18.7328 43.5651.
19.2182 17.2917 20.185 38.081.
19.4169 17.8044 20.0782 39.6555.
18.8322 17.2717 20.7248 40.0751.
17.3688 16.7955 20.7478 40.2808.
18.6349 17.2701 22.8678 41.8753.
19.7836 18.3083 22.9757 42.382.
19.3512 18.249 22.5562 39.6964.
20.5595 18.6414 22.4944 37.7464.
21.0239 19.1476 22.6116 35.6597.
20.6045 19.2941 23.0963 35.3666.
21.6184 19.2812 23.5692 34.4461.
20.5861 18.4532 23.1177 36.2273.
20.4401 17.928 22.1408 37.1015.
21.1117 18.6454 21.9305 37.1843.
22.1802 19.2747 22.5345 39.1239.
22.8244 19.6956 22.26 38.3547.
23.2926 19.0023 22.2039 37.6974.
23.3192 19.1105 22.1891 36.4181.
23.7536 19.6661 22.0687 35.4619.
23.9281 19.224 21.091 33.7638.
23.9186 19.5733 21.0272 35.3314.
23.6619 19.7029 21.1996 37.1767.
22.3444 19.0263 21.5456 37.6045.
24.1485 20.9362 23.4287 39.0162.
23.658 20.1833 23.1327 37.6269.
23.8293 21.1206 23.292 36.5892.
25.7156 21.6123 25.4734 39.7454.
25.2665 22.0484 25.8499 44.2158.
24.8939 21.6252 28.3843 44.9226.
23.5541 21.6312 31.3006 45.2916.
23.2405 21.6759 30.5515 44.8075.
22.2728 21.9861 29.428 44.6703.
22.1021 21.5181 30.7229 44.1428.
22.7953 21.5993 30.6825 44.5779.
21.972 21.8218 31.6297 46.2157.
21.5565 21.3974 31.8699 52.5173.
21.8959 21.6375 31.555 50.815.
22.3512 21.4141 31.5345 51.0403.
21.3578 20.7511 30.4167 52.308.
2014-02-04T10:28:21 - Warning: CursorFeedbackTask::Process: features[1-4]: 23.6253 20.8681 24.9309 45.9715.
2014-02-04T10:28:21 - Warning: CursorFeedbackTask::Process: classified the target as 0 with a posterior of 0.989793.
26.0911 16.1092 19.2086 49.2011.
26.7684 16.3484 19.1282 49.7007.
26.7696 17.0584 19.779 49.886.
25.8801 16.7564 20.4855 50.5557.
25.3431 17.3134 21.61 48.9221.
25.7658 17.983 22.383 48.3886.
25.5672 17.5909 23.1104 47.234.
25.7003 17.6865 23.3783 47.1977.
25.3268 17.6621 23.13 44.9353.
25.5183 18.3773 24.2838 44.8039.
24.5306 18.0708 24.569 43.1538.
22.0643 17.7282 23.7479 46.4042.
21.2601 17.6277 24.5252 52.9664.
21.1602 17.5864 24.4495 54.4096.
20.9269 17.9394 24.1278 54.6193.
21.7019 18.5059 24.4318 53.9479.
20.5489 17.8166 23.4691 59.4822.
20.3229 17.9809 23.4516 60.4009.
20.2751 17.6646 23.2211 60.5322.
19.7718 17.88 23.4685 61.2385.
18.7018 17.4523 22.4651 63.6524.
18.7789 17.9736 22.9327 64.9983.
18.7799 17.7746 23.2786 64.8596.
19.218 17.3992 22.7271 67.0131.
19.3813 16.4991 22.5045 67.3435.
19.5057 17.8069 22.9717 67.2638.
19.0964 17.9917 23.1368 63.1254.
19.0334 18.081 21.6436 57.6979.
19.749 18.7803 21.5008 56.2188.
20.6339 19.1605 21.9743 55.5311.
22.8834 18.8058 21.8133 56.7623.
24.3672 19.8479 22.7931 51.6295.
23.8631 20.1977 21.5424 46.2654.
24.7811 20.0993 21.5224 46.2527.
25.7033 21.8021 21.0469 45.1757.
25.7433 22.2966 24.0931 43.2759.
25.7484 22.4396 27.0015 41.9577.
24.8754 21.7253 29.3231 40.1468.
24.6801 22.5466 29.773 38.7158.
23.5773 22.7529 29.6624 40.1573.
23.737 21.6158 33.6498 40.1413.
23.726 22.9022 34.4621 41.1932.
23.602 23.7012 36.8765 44.2468.
22.4788 23.5256 39.0646 44.5146.
20.965 22.9665 39.3903 44.1482.
20.0348 22.8655 39.122 42.9748.
18.9524 22.2524 38.1324 40.3417.
21.0511 21.9402 38.3418 40.9608.
19.7252 21.6105 38.3447 40.8673.
21.9747 22.5378 40.0148 40.9688.
23.2745 21.8186 39.3586 41.2055.
24.0202 22.5472 35.7624 43.
24.5866 22.5066 33.0639 43.3511.
26.0672 22.2187 32.6459 42.0669.
25.8384 22.046 33.2276 41.5401.
26.403 23.1943 30.4213 40.9739.
26.7457 21.366 28.3696 42.8694.
26.9453 21.0326 27.9115 41.5162.
27.3038 21.3395 26.6644 45.9668.
27.1786 21.5863 27.7987 46.6983.
27.5707 22.0719 28.7593 48.1024.
27.8478 22.1844 29.3274 49.184.
28.4353 23.2485 29.3948 49.8506.
28.0381 22.2357 28.7719 48.5448.
26.477 21.0769 29.1287 48.7501.
24.6567 20.4556 27.432 48.785.
24.1061 20.1939 26.7956 50.7103.
24.1319 20.0122 28.95 53.2189.
23.157 19.4532 28.3947 52.2363.
23.9296 19.4796 28.0593 51.9834.
22.8358 18.2274 28.0644 52.0268.
22.4029 18.2331 28.1533 50.5921.
22.4813 18.3192 26.6824 48.7296.
21.4199 17.5914 26.7461 45.2309.
20.7648 17.8534 25.8905 44.1569.
21.9909 18.5957 25.0793 44.9334.
21.6789 17.5675 25.4848 44.0147.
21.0241 16.4754 24.6796 46.0756.
21.8469 17.8808 25.866 47.0404.
20.5657 18.4007 25.9288 46.4169.
20.4802 18.214 25.9415 47.2679.
20.5048 18.5775 25.6213 49.5509.
19.7357 17.9584 22.6923 50.3027.
20.1493 18.6204 22.2473 50.2384.
21.0199 19.5404 21.605 49.7943.
22.6368 19.2206 21.0332 50.0716.
23.746 20.1675 21.3001 51.1785.
23.5392 21.14 20.9454 52.7576.
23.2097 20.5746 20.8936 55.4969.
23.8048 20.0981 20.5458 55.4267.
22.3465 19.0067 20.3182 52.1603.
2014-02-04T10:28:32 - Warning: CursorFeedbackTask::Process: features[1-4]: 23.0938 19.6854 26.5167 49.345.
2014-02-04T10:28:32 - Warning: CursorFeedbackTask::Process: classified the target as 0 with a posterior of 0.9836.
21.3585 21.2105 25.694 53.6435.
21.0031 21.558 26.1711 53.0548.
20.7591 22.079 25.5559 54.8043.
22.3657 22.2806 26.3684 56.0789.
22.0304 21.6608 25.0692 58.7271.
22.6768 22.228 24.2885 56.1374.
23.0188 21.655 22.5566 55.1896.
23.8323 22.783 22.584 54.4284.
25.6719 22.2516 22.79 51.0668.
25.305 20.1038 23.1486 49.6081.
25.0098 20.0868 21.4848 50.2854.
25.5905 20.1383 21.5197 51.5211.
24.396 18.6015 20.7915 48.8275.
24.8188 18.6023 22.2498 47.9817.
24.9181 18.6523 23.15 47.5459.
25.3104 18.9501 24.7226 49.2409.
25.6791 18.7458 25.6604 47.4426.
24.8962 17.2588 26.6107 46.0479.
24.1741 16.964 27.4959 46.6896.
24.126 16.6364 28.3079 45.5522.
25.0994 17.2692 29.1961 45.9718.
24.722 17.4182 29.0913 45.8821.
23.7089 17.1004 29.3318 46.9103.
22.8446 17.2799 30.1017 48.6416.
23.2057 17.042 30.0952 49.7525.
22.6865 16.9797 30.3806 49.0117.
22.2262 17.7022 31.1745 47.9533.
21.9246 18.3767 31.9397 48.4551.
22.6937 19.5248 30.6314 49.7909.
24.0728 22.6048 32.897 47.0793.
24.6026 23.2875 30.7194 45.8934.
24.3042 23.1045 28.6169 46.6551.
23.994 23.1834 28.9744 47.7734.
25.541 24.2569 25.7927 48.3225.
24.3334 24.1049 25.4962 46.4221.
23.1896 23.3618 25.8596 46.7292.
23.3294 23.6083 26.952 46.8517.
23.717 23.7449 26.9095 46.0242.
22.5892 23.3293 24.8238 41.7225.
22.8213 23.4987 25.651 39.2751.
23.2763 23.9956 26.8259 41.4308.
22.6883 23.1661 26.0592 41.4978.
23.2534 22.4758 25.6736 38.8305.
23.1032 21.4282 25.9046 38.4229.
20.8448 18.0885 24.335 40.0614.
21.3034 18.244 23.718 42.7615.
21.6497 19.0119 24.7602 46.046.
21.4997 17.8101 24.3633 45.0773.
21.0442 18.1281 24.556 48.1738.
20.9556 17.7341 23.8242 48.1164.
19.999 17.4661 24.0924 46.8419.
20.0773 17.1553 22.8779 45.6071.
20.2811 18.2665 22.3816 47.3759.
21.3721 17.7815 22.5863 49.7372.
20.84 17.3191 21.9092 48.2295.
20.8489 17.885 22.5622 48.3976.
21.3393 18.2284 23.0771 49.878.
21.198 18.77 23.5642 49.6254.
20.4112 18.8002 23.243 48.4669.
20.0172 18.7764 22.0173 45.67.
20.0843 18.8719 22.6581 46.4175.
20.4208 18.6153 22.3932 49.8019.
20.6557 18.7938 22.9342 47.7351.
20.8934 18.1971 24.6125 55.0395.
21.3199 18.5744 25.3008 53.789.
21.5233 18.6422 25.9627 57.6365.
22.6866 18.8498 26.1607 57.4108.
23.4416 17.6037 27.5079 56.5313.
23.1266 18.2927 26.8833 56.5999.
23.1924 18.3078 26.9396 55.7958.
22.4709 17.4535 25.5899 56.5646.
22.7655 19.7239 25.3014 54.5708.
22.731 21.0245 25.1071 57.095.
22.6102 21.3743 25.1248 57.7969.
24.1612 22.425 25.826 61.371.
24.6612 22.4137 24.4631 59.1044.
23.5002 21.72 24.1659 55.8339.
23.277 21.0309 23.0693 56.0832.
23.4813 21.5743 23.6743 47.4951.
23.2489 22.1429 23.5949 45.2292.
23.2706 24.0274 24.5698 45.2306.
22.4488 23.9218 23.9655 43.2371.
24.1068 24.0712 23.4113 42.3424.
24.7499 23.5781 23.9599 44.1742.
24.4638 23.3591 25.5667 43.0765.
24.2114 22.6423 25.2651 43.8907.
23.2773 20.4596 24.2338 45.9995.
23.4462 18.8323 23.3889 43.4794.
24.4784 18.5025 24.2464 43.542.
22.5733 17.9857 24.3449 44.1223.
23.453 18.069 25.0457 44.3057.
2014-02-04T10:28:42 - Warning: CursorFeedbackTask::Process: features[1-4]: 22.9152 20.1191 25.3237 48.7972.
2014-02-04T10:28:42 - Warning: CursorFeedbackTask::Process: classified the target as 0 with a posterior of 0.983075.
