4465983
5628769
5769379
5771348
5782634
5783662
5785949
5793651
5799710
5801682
5806731
5809102
5813541
5824093
5828030
5835906
5836938
5839139
5850371
5862294
5863531
5864966
5875604
5887527
5899450
5911373
5923296
5935219
5947142
5953033
5964271
5967546
5979808
5991731
5998553
6001129
6003242
6005119
6009297
6016568
6017686
6023754
6035067
6036356
6037916
6039245
6040633
6041953
6043267
6044657
6046071
6050075
6051403
6052764
6054124
6055435
6057928
6059145
6060352
6061638
6062797
6064039
6065301
6066557
6067702
6068973
6070300
6073385
6074691
6076038
6080835
6082190
6083407
6084561
6086481
6087890
6089289
6091476
6092863
6094207
6106402
6107867
6109376
6111396
6112814
6115942
6117333
6118618
6119835
6121040
6122409
6123756
6125072
6137137
6138447
6139742
6141070
6142324
6154255
6155550
6156941
6160632
6161992
6163257
6164484
6165758
6166927
6168137
6173710
6175055
6181264
6182637
6183965
6185281
6186738
6188005
6189252
6201293
6213216
6217194
6218523
6220023
6221316
6223819
6225045
6234741
6237011
6248534
6249565
6251764
6255315
6259782
6262145
6269061
6282407
6283947
6285281
6286609
6288037
6289369
6290610
6301544
6303661
6314021
6315790
6325643
6336849
6347356
6348988
6358779
6361058
6363497
6373306
6374402
6384494
6387198
6397868
6409791
6413304
6414684
6422267
6423639
6429957
6431369
6432774
6434077
6435421
6440029
6441325
6442590
6443931
6445465
6446819
6453481
6454853
6456230
6457666
6458954
6460173
6461450
6462907
6464170
6465438
6466732
6468140
6469515
6470851
6478048
6479441
6480800
6491509
6493673
6496225
6500682
6503018
6505505
6507168
6509763
6514418
6516394
6517791
6519764
6523676
6533495
6534619
6537051
6538282
6547642
6550109
6551169
6553525
6567042
6568381
6569879
6573421
6574777
6576196
6577593
6578917
6580406
6581649
6582957
6586341
6587856
6593325
6605294
6609155
6614434
6615790
6618494
6624993
6627118
6628214
6630486
6643668
6655591
6666167
6667841
6677644
6679584
6690172
6701636
6703526
6712530
6723701
6725911
6728289
6739250
6744622
6750566
6753625
6757320
6758387
6768811
6780734
6784959
6786985
6788890
6791015
6792164
6802186
6812037
6813186
6814454
6815663
6825307
6835358
6836549
6842997
6849549
6852006
6855447
6858365
6860971
6862158
6865477
6867574
6869219
6870714
6872010
6874063
6879658
6881750
6884105
6892067
6905514
6915554
6916794
6925239
6927311
6931673
6934977
6939295
6941867
6946182
6947930
6951394
6955369
6958999
6961460
6963516
6965156
6967657
6978586
6979662
6989747
6997810
7010879
7018092
7024955
7036082
7047298
7048545
7053017
7054190
7056229
7057470
7065144
7078445
7090368
7099844
7100990
7102999
7107886
7119771
7130885
7142808
7154731
7156253
7157822
7170077
7173200
7175668
7179484
7184325
7186171
7197610
7198906
7200245
7210999
7212400
7213901
7226046
7227342
7228613
7235527
7236899
7238370
7243081
7244362
7245720
7247388
7248771
7250029
7251342
7252767
7253959
7255316
7256529
7257746
7258949
7260036
7261274
7262418
7263823
7265171
7266512
7267657
7268922
7270376
7272944
7274010
7275256
7276555
7277818
7279112
7280166
7281475
7282622
7283852
7285154
7286298
7287491
7288785
7290034
7296886
7298157
7299625
7300868
7302151
7303454
7304612
7305862
7307110
7308347
7309661
7315210
7316403
7317676
7328354
7340277
7352200
7353516
7354996
7361192
7362396
7364959
7375705
7378557
7379848
7381138
7382431
7383789
7385138
7388503
7389729
7391027
7396175
7397653
7404996
7406475
7407898
7409237
7418184
7422616
7424054
7425409
7426754
7429984
7431169
7432399
7435289
7436623
7437756
7438972
7442208
7452997
7464920
7466363
7467717
7478388
7490311
7495288
7496640
7497966
7499399
7508118
7509416
7518058
7519308
7520629
7521998
7528374
7529678
7531172
7532527
7533958
7535264
7536568
7537982
7539408
7540859
7542200
7543509
7548236
7550328
7551511
7552810
7554234
7555598
7556950
7558324
7559595
7562101
7563339
7564598
7576645
7578887
7590089
7591452
7592920
7594312
7595771
7597004
7598213
7599434
7600678
7604271
7605537
7606886
7608190
7609477
7610894
7612166
7613488
7625545
7627881
7630628
7633114
7644109
7645723
7647812
7649628
7660933
7663120
7670060
7681226
7693149
7704261
7707537
7708746
7719014
7726591
7738035
7745304
7746487
7756465
7769208
7780000
7782260
7784892
7786444
7788433
7801905
7813232
7815671
7824700
7826739
7827855
7829942
7843109
7845288
7850660
7861822
7864075
7875248
7876587
7878072
7879471
7880868
7882219
7883455
7894343
7898253
7899367
7909562
7920847
7932770
7944693
7946920
7957577
7962496
7965230
7970693
7972966
7976765
7977834
7979911
7993201
7994516
7995953
8007874
8010155
8018812
8027097
8038357
8040415
8045626
8052446
8062192
8063918
8066098
8071441
8072490
8074682
8080156
8084541
8095198
8097183
8108586
8120509
8121921
8123296
8124592
8125899
8129306
8130660
8132030
8133409
8134675
8135977
8137357
8138767
8140063
8141292
8142518
8143729
8144944
8146275
8158374
8160371
8164164
8175336
8176725
8178208
8179576
8180998
8182376
8183797
8185126
8186400
8187718
8189028
8190353
8191664
8192959
8194310
8195682
8197020
8209170
8210416
8211678
8213136
8214473
8215767
8217088
8218393
8219605
8220862
8222178
8223483
8224778
8226096
8227414
8228714
8229986
8233027
8234370
8235711
8237142
8238422
8239712
8241070
8242374
8243662
8244962
8246227
8247420
8248765
8249937
8251041
8252311
8253740
8255122
8262409
8268555
8269721
8270940
8272232
8273624
8274917
8276232
8277531
8278785
8280163
8292098
8293341
8294664
8306746
8308926
8311000
8315476
8317446
8319517
8329735
8330921
8333351
8338246
8339406
8343607
8356065
8362349
8367921
8369633
8371714
8374015
8376977
8380566
8381646
8382711
8389916
8393871
8399396
8401499
8408279
8410567
8412834
8417101
8420049
8421107
8423359
8425354
8426832
8428882
8434342
8435910
8445805
8447809
8455881
8459049
8470578
8471848
8473200
8478337
8479624
8480949
8482342
8483596
8484916
8486230
8487619
8488933
8490191
8491465
8492748
8494123
8495410
8496642
8497937
8499153
8500386
8503658
8505079
8506457
8507777
8509046
8512867
8514147
8521938
8523382
8528717
8530079
8531401
8532789
8534119
8535511
8536897
8538178
8539514
8540839
8542130
8543406
8544705
8545954
8547170
8548433
8549767
8551199
8552504
8553699
8554965
8556368
8557718
8559064
8560430
8561746
8563055
8564369
8568283
8569613
8571056
8572378
8573702
8575090
8576406
8577769
8579270
8580536
8581803
8583192
8584524
8585805
8587098
8588234
8589478
8590702
8592015
8593363
8594618
8595899
8597177
8598479
8599822
8600944
8602233
8603533
8604808
8606077
8607355
8608680
8614671
8620369
8621759
9986009
9997932
10009855
10021778
10023905
10035138
10047061
10058984
10061611
10062870
10064191
10065297
10066730
10068080
10073029
10074284
10075658
10085992
10087465
10099586
10111509
10123432
10135355
10136758
10138093
10150165
10151250
10164660
10165683
10167860
10178171
10180991
10192442
10194378
10207888
10219811
10231734
10243657
10246002
10259214
10260460
10261731
10262949
10264208
10265649
10267010
10268374
10269621
10270870
10272157
10273347
10274520
10279253
10280701
10282005
10283183
10284480
10285829
10287271
10288584
10289826
10291233
10303153
10304973
10316291
10328214
10330213
10341664
10343048
10344532
10347851
10349146
10350472
10351835
10353167
10364998
10367934
10369281
10370714
10373997
10375228
10376605
10377994
10379271
10389899
10392069
10405290
10406576
10407978
10418741
10420794
10425804
10439179
10440571
10441841
10443131
10444471
10445796
10447053
10448332
10449575
10450805
10452082
10453334
10454683
10456061
10457331
10458569
10459823
10461225
10462591
10463854
10465103
10468388
10469712
10471124
10472393
10473649
10474971
10476341
10477596
10478863
10490943
10492355
10493673
10494993
10496378
10497714
10498942
10500141
10501362
10502631
10503924
10505212
10506520
10518523
10530446
10532458
10534618
10548026
10549348
10550656
10551941
10553214
10555890
10557126
10558345
10559568
10562623
10563897
10565160
10566442
10567752
10569013
10576636
10578058
10579432
10580770
10592928
10594545
10596138
10605033
10606431
10609490
10610848
10612217
10613708
10615286
10616604
10617961
10619292
10620560
10621857
10629929
10633693
10635077
10646983
10652301
10653651
10655071
10656335
10657600
10658920
10660303
10661648
10662963
10664300
10665630
10674711
10685162
10697085
10698406
10699719
10705637
10706966
10708370
10709707
10721743
10732082
10738764
10750228
10762151
10774074
10785997
10797920
10809843
10811136
10812540
10823182
10824606
10825987
10827317
10828552
10829958
10831305
10832612
10833977
10839085
10840340
10841564
10842888
10844151
10845438
10846722
10857491
10858751
10860148
10861489
10862861
10874815
10886738
10888980
10902188
10903582
10904943
10906231
10907498
10918277
10920358
10929525
10940708
10942104
10943541
10948877
10954263
10956200
10957731
10959116
10960393
10961804
10963098
10964382
10965689
10966791
10967988
10973705
10974976
10978843
10980086
10981406
10982790
10984123
10985400
10995999
11000171
11011433
11012796
11014281
11015608
11016920
11020564
11021958
11023311
11024618
11036703
11048626
11051117
11053227
11055518
11057285
11064487
11075731
11076979
11078296
11090386
11091716
11093199
11096803
11098097
11110167
11116154
11126521
11140026
11141354
11142718
11143995
11145292
11146600
11147896
11149208
11150517
11162464
11164698
11175854
11177991
11189244
11191428
11202576
11203884
11205210
11206685
11208035
11209495
11210892
11212296
11213629
11214961
11216207
11217406
11218682
11219868
11221061
11222346
11223806
11225165
11226623
11227933
11229233
11230523
11231761
11233015
11234275
11235574
11236849
11238120
11239407
11240776
11242097
11254166
11266089
11276878
11282307
11289311
11291275
11295961
11298436
11305893
11308150
11311621
11315666
11326909
11340358
11341688
11342992
11344299
11345554
11353110
11354444
11355760
11357144
11358480
11359766
11361054
11362342
11363658
11364959
11375675
11377713
11390979
11394177
11397917
11399280
11400710
11403834
11405013
11406340
11407687
11408989
11410221
11411512
11412854
11414132
11415423
11416710
11418036
11419421
11420752
11422111
11423359
11424671
11427642
11428846
11430116
11431387
11432642
11433847
11435069
11436369
11437744
11439069
11440372
11441581
11442849
11444012
11445291
11446630
11447930
11449161
11450419
11451688
11452955
11454178
11455514
11456818
11458089
11459365
11460618
11461828
11463021
11464248
11465665
11466986
11468297
11469496
11470769
11472039
11473432
11474801
11476093
11477439
11478770
11480049
11481331
11482692
11483861
11485061
11486345
11487495
11493232
11504037
11505366
11506697
11508056
11509355
11521409
11523490
11536747
11548670
11560593
11561927
11563292
11565986
11567207
11568514
11572845
11574055
11586146
11588188
11601224
11613147
11615330
11626552
11638475
11640613
11654074
11664842
11671921
11683095
11684398
11685805
11689708
11690951
11692190
11693354
11694589
11695861
11697188
11698508
11703387
11704667
11707759
11718399
11725685
11726846
11738266
11740394
11741424
11744103
11745137
11752439
11753663
11755493
11756543
11759020
11771639
11772817
11778136
11780452
11783851
11785041
11787404
11794631
11802481
11808582
11819785
11821909
11833204
11837161
11841265
11845224
11847455
11861162
11862575
11864108
11869240
11871148
11872538
11873857
11875117
11876401
11877685
11879092
11880521
11881767
11882859
11884099
11885382
11886585
11887826
11899813
11911736
11923659
11935582
11947505
11948884
11950362
11960970
11972893
11984816
11996739
12008662
12020585
12032508
12044431
12056354
12068277
12070253
12071385
12081707
12091229
12102496
12103801
12105203
12117213
12129136
12141059
12152982
12155187
12161901
12163419
12168163
12169498
12172268
12173903
12176409
12184950
12186717
12190943
12201000
12207268
12210718
12224422
12236345
12237619
12238866
12249674
12261597
12270376
12271716
12273158
12274511
12285125
12286448
12287908
12299764
12311687
12323610
12335533
12340655
12351201
12354994
12360355
12361454
12371840
12374043
12376524
12377645
12387645
12394402
12396453
12407736
12409870
12421105
12423408
12424736
12426010
12427237
12428457
12429643
12430827
12438281
12439554
12440845
12442180
12452763
12455781
12463856
12465359
12466788
12468205
12471482
12481628
12493551
12495664
12506946
12518869
12530792
12542715
12544036
12545489
12556131
12568054
12579977
12587497
12588956
12590441
12602582
12614505
12626428
12638351
12646111
12659480
12671403
12683326
12695249
12707172
12712929
12714903
12716521
12718127
12724775
12725856
12736487
12747313
12748652
12750076
12760708
12772631
12774717
12786049
12797972
12809895
12811968
12825369
12837292
12838689
12840088
12852322
12857360
12858837
12863275
12864687
12866050
12873634
12875172
12878398
12879610
12880877
12882287
12894360
12906283
12907632
12909101
12919753
12929492
12930931
12932406
12943034
12954957
12956282
12957610
12967797
12969085
12970529
12971916
12973368
12974729
12976131
12977478
12988167
12989572
12990919
12992223
12993514
12994968
12996321
12997742
12999062
13000399
13001565
13012570
13024493
13036416
13048339
13060262
13068951
13070289
13075559
13077082
13078458
13079833
13083646
13084931
13086267
13087394
13088580
13094245
13104444
13106624
13117819
13129742
13131823
13143094
13144460
13145850
13156386
13168309
13180232
13192155
13204078
13205377
13206822
13217459
13229382
13231782
13241301
13245136
13246672
13256478
13258807
13269909
13271826
13272847
13279865
13284616
13285945
13295946
13306971
13308304
13321868
13324858
13335314
13337622
13344549
13355746
13367669
13370825
13372109
13373510
13374841
13376128
13377379
13388200
13400123
13412046
13418025
13428183
13429809
13431173
13432596
13439009
13440292
13441620
13442878
13444271
13445599
13446897
13448264
13449692
13450879
13452062
13453270
13454557
13462579
13463911
13465283
13466715
13471251
13472543
13473893
13475293
13476637
13487451
13491459
13492534
13494591
13505850
13517773
13519196
13520514
13521782
13523145
13524469
13525689
13536301
13548224
13560147
13572070
13574084
13587568
13599491
13605378
13606699
13614784
13616102
13617332
13618762
13620073
13621447
13622824
13624065
13625373
13634961
13636275
13642052
13654377
13666300
13678223
13680044
13689555
13690584
13693057
13706576
13708708
13715249
13728744
13730608
13742039
13753962
13765789
13767102
13768469
13769754
13771014
13772300
13773648
13774897
13776077
13777362
13778650
13779940
13781100
13782402
13783586
13784782
13786031
13788887
13790147
13791501
13792729
13794021
13795269
13807204
13808491
13809744
13810967
13812223
13813576
13814875
13819871
13821252
13822618
13823899
13825122
13826390
13827613
13828807
13830086
13831276
13832444
13833658
13834856
13836122
13837377
13845376
13846663
13848000
13849498
13850814
13852133
13853468
13859657
13870209
13872438
13885707
13887961
13890083
13903566
13905818
13914114
13925768
13926805
13928703
13942179
13954102
13956239
13969490
13970853
13972261
13973579
13974862
13986928
13998851
14000266
14001598
14002878
14004133
14005442
14006843
14017497
14019378
14030841
14043461
14053235
14055923
14066648
14078571
14079823
14081280
14082610
14083910
14095946
14107869
14119792
14131715
14133811
14147344
14149531
14161012
14172149
14173386
14176659
14177951
14179094
14180395
14181737
14182996
14184238
14185574
14187088
14188443
14190023
14191427
14192801
14194141
14195502
14196850
14198107
14199350
14200637
14203879
14205092
14206411
14207664
14208966
14210262
14215929
14217279
14218784
14220094
14221399
14222811
14229691
14231028
14232299
14233571
14234907
14236220
14237484
14238710
14239974
14241229
14244023
14246154
14247352
14248788
14250113
14260786
14262075
14263429
14264820
14266115
14267350
14268569
14271628
14272953
14274256
14275529
14283165
14284411
14285662
14286942
14288268
14289518
14290842
14292136
14302950
14310475
14311792
14315711
14317065
14318427
14322312
14323701
14325045
14326362
14327761
14329060
14330336
14334774
14336084
14337481
14338889
14340220
14341451
14342680
14344075
14345346
14346604
14347848
14349099
14350341
14351587
14354814
14356164
14357574
14358933
14360261
14361558
14362858
14364110
14365348
14366641
14377466
14378778
14380253
14391007
14393240
14395271
14408954
14420877
14432800
14435029
14448434
14449870
14451230
14463317
14465481
14478968
14480271
14481598
14493530
14494899
14496268
14497613
14498908
14500216
14501559
14502895
14504356
14505712
14507014
14519572
14520789
14522075
14523429
14524723
14526050
14527304
14528537
14529780
14531161
14541837
14544015
14557329
14558636
14560144
14561530
14562956
14564228
14565479
14566742
14568004
14578826
14580059
14581395
14589724
14591138
14594380
14596404
14597714
14600162
14601588
14613561
14625484
14628207
14629438
14630836
14641549
14645622
14655925
14661596
14665083
14669450
14675083
14679988
14686542
14698009
14700264
14713515
14719437
14732684
14741865
14747328
14758758
14770681
14782604
14784590
14798103
14800286
14802460
14815711
14822799
14827614
14835081
14848594
14849898
14851330
14861981
14864342
14866319
14879493
14881605
14894949
14897174
14910469
14922392
14924498
14932692
14945881
14957804
14959985
14964606
14971131
14976171
14982380
14996133
14999353
15001722
15010785
15022234
15024564
15025587
15027705
15041032
15042933
15052983
15054109
15059508
15070985
15073264
15077366
15080368
15088592
15099984
15101347
15102790
15104150
15105388
15111380
15112661
15114144
15115493
15116832
15128813
15140736
15142074
15143466
15144746
15146013
15147309
15148699
15156083
15165160
15166532
15177316
15178557
15179847
15181146
15182451
15183681
15184965
15186255
15187502
15188830
15190110
15191401
15192690
15203275
15205423
15218739
15220066
15221488
15222809
15224130
15236285
15241004
15254152
15266075
15267369
15268772
15270085
15271360
15272847
15274144
15286241
15298164
15310087
15312090
15322236
15330357
15336317
15342560
15355844
15357830
15371237
15372593
15373829
15382265
15383578
15384856
15386267
15387589
15388856
15392960
15394170
15395557
15396943
15398273
15399672
15411640
15414757
15416020
15417329
15418589
15419831
15421212
15422555
15423829
15425086
15426327
15427574
15428810
15430096
15431458
15432751
15434014
15435354
15436701
15438017
15439357
15440626
15441820
15443176
15444449
15445742
15447002
15448232
15449481
15461576
15462874
15464098
15465397
15466703
15468010
15469293
15470492
15471768
15473058
15474336
15486422
15498345
15499771
15501116
15502412
15503657
15504927
15506116
15507367
15508655
15509847
15511103
15512497
15513749
15524630
15526917
15540165
15542358
15555603
15557932
15569022
15570356
15571768
15573177
15574514
15575903
15577228
15578493
15579736
15581005
15582265
15591034
15592373
15593766
15595041
15596274
15599239
15609718
15611070
15612434
15613750
15615038
15616311
15617638
15618990
15620230
15632162
15639998
15641020
15646900
15649107
15650136
15659611
15661722
15670172
15672287
15674308
15677442
15679232
15681191
15694397
15696541
15710099
15713033
15714267
15715605
15727899
15729996
15743358
15744753
15746066
15747335
15748588
15759416
15761399
15774598
15776714
15781992
15795249
15796649
15798119
15799478
15800911
15802231
15803606
15815641
15816967
15818384
15819741
15821119
15822478
15823764
15825044
15826362
15827708
15829022
15830306
15831566
15843650
15845940
15859208
15860604
15861975
15863291
15864691
15876714
15878028
15879444
15880790
15882122
15883460
15884789
15886075
15887306
15888590
15889921
15891251
15892535
15893761
15895030
15896308
15897546
15898782
15900027
15901275
15902513
15903739
15905044
15906307
15907581
15908827
15910087
15911325
15912525
15913842
15915145
15916446
15917713
15918982
15920241
15921519
15922819
15924069
15925378
15926647
15927925
15929163
15930432
15931715
15933040
15934342
15935625
15936921
15938194
15939497
15940765
15942054
15943275
15944514
15945727
15946978
15948229
15951721
15952990
15954244
15955600
15967723
15969977
15972202
15985263
15998653
16001139
16002386
16003728
16005127
16006479
16007744
16008937
16020982
16022860
16023935
16029596
16040902
16042161
16043427
16044646
16045898
16047144
16048474
16049837
16051119
16052377
16053579
16054833
16056033
16057238
16058468
16059722
16060975
16070301
16071586
16083695
16095618
16107763
16109070
16110450
16111770
16113081
16114439
16115725
16116988
16118265
16119546
16120969
16122272
16123588
16124930
16126226
16127420
16128641
16129941
16131227
16132510
16133730
16134938
16136185
16137419
16138667
16139894
16141119
16142385
16143655
16144991
16146258
16149176
16150480
16151850
16153164
16154384
16155656
16156939
16158253
16159587
16160877
16162132
16165054
16166298
16167679
16169003
16170255
16180948
16183078
16194318
16195640
16197036
16198329
16199610
16211721
16213656
16225368
16236626
16237943
16239330
16251236
16253400
16261953
16264091
16275320
16276604
16277976
16279270
16280555
16281875
16283145
16284376
16285628
16286898
16288209
16289485
16290716
16291957
16293196
16294422
16295658
16296942
16298267
16299561
16300795
16302036
16303317
16304565
16305783
16307032
16308225
16309430
16310622
16311833
16318649
16319969
16321282
16322509
16323843
16325171
16326448
16327696
16328964
16330274
16339573
16340904
16342233
16343537
16344839
16346176
16349567
16350863
16352084
16353290
16354494
16355722
16367636
16377112
16390389
16402312
16414235
16416552
16418911
16420051
16427918
16439063
16441295
16454642
16455964
16457360
16458712
16460154
16461466
16462737
16463985
16465248
16466497
16467820
16469169
16470464
16471745
16473020
16474401
16475727
16476986
16478233
16479490
16480667
16491580
16493548
16507072
16509655
16511701
16525335
16526655
16528095
16529483
16530876
16534995
16536298
16537590
16538928
16540197
16541453
16542689
16543952
16545214
16546469
16547722
16549007
16550342
16551708
16552986
16554247
16555566
16556827
16558117
16559416
16560716
16561979
16563213
16564451
16567292
16568411
16569684
16570942
16572269
16573617
16574905
16576199
16577482
16578714
16579902
16581122
16582342
16583617
16584872
16586057
16587243
16588439
16589731
16591070
16592381
16593648
16594927
16596177
16597478
16598713
16600072
16601370
16602625
16603887
16605114
16606342
16617198
16629121
16641044
16643115
16656347
16658595
16660960
16674259
16675748
16677090
16678326
16679644
16691646
16693817
16707211
16708547
16709947
16720533
16721821
16723156
16724427
16725736
16727006
16728266
16729474
16730755
16732028
16733210
16734433
16735722
16736901
16738146
16739442
16740656
16741823
16743008
16744201
16745402
16746582
16747808
16749069
16750274
16751494
16752756
16754032
16755222
16756495
16757806
16759080
16760362
16763958
16765230
16768581
16769859
16776455
16777867
16789996
16791996
16805176
16806418
16807662
16808922
16810213
16811500
16812805
16814095
16815347
16819922
16821240
16822529
16823784
16825062
16826302
16827531
16828745
16829991
16831239
16832513
16833707
16834970
16836248
16837521
16838788
16840052
16841286
16842547
16843815
16845063
16846323
16847542
16848745
16849973
16851188
16852417
16853673
16854847
16856028
16857226
16858447
16859666
16860886
16862139
16863372
16864627
16865862
16867135
16868351
16869566
16870850
16872184
16873448
16874687
16875926
16877185
16878433
16879634
16880832
16882021
16883226
16884476
16885758
16887063
16888346
16889637
16890884
16892135
16893428
16894667
16895912
16897132
16898341
16899618
16900869
16902126
16903353
16904507
16905729
16906940
16908204
16909426
16910650
16911907
16913168
16914429
16915754
16917065
16918364
16930402
16931720
16933059
16934425
16935778
16937137
16938399
16939702
16940951
16942235
16943485
16944730
16946026
16947300
16948611
16949902
16951183
16952424
16953723
16955009
16956294
16957526
16958750
16959984
16961237
16962516
16963811
16965108
16966354
16967582
16968810
16970132
16971488
16972735
16973968
16975233
16976480
16977777
16979013
16980301
16981635
16982911
16984149
16985374
16986648
16987859
16989071
16990295
16991565
16992828
16994048
16995295
16996591
16997881
16999144
17000426
17001670
17002938
17004190
17016271
17017643
17019048
17030957
17033127
17046504
17048855
17050965
17064252
17066552
17079831
17081358
17082787
17084066
17085367
17086640
17087945
17089287
17090643
17091933
17093199
17094437
17095719
17096921
17098120
17099331
17100579
17101857
17103126
17104462
17105750
17107043
17108332
17109600
17110954
17113845
17115128
17116443
17117836
17119214
17120617
17121970
17134021
17145944
17151437
17156252
17158521
17169911
17170979
17177508
17183087
17194429
17195759
17197157
17207887
17219810
17226264
17227746
17238394
17250317
17262240
17264375
17277754
17279116
17280614
17291310
17303233
17315156
17316504
17317762
17319011
17320370
17332318
17344241
17356164
17366426
17367760
17369055
17370362
17371730
17382277
17384602
17395661
17407584
17409663
17423025
17434948
17446871
17458794
17461451
17462519
17464605
17477940
17489863
17501786
17513709
17521000
17522371
17531100
17532470
17533774
17535219
17538607
17539803
17541109
17542515
17543847
17555685
17561120
17572330
17573768
17575198
17585892
17587334
17588708
17600794
17612717
17614016
17615420
17616712
17617993
17619311
17620580
17621879
17623171
17635222
17647145
17648498
17649882
17651147
17652474
17653870
17655203
17656467
17657781
17669929
17681852
17683231
17684573
17685882
17687212
17688562
17689876
17701959
17703913
17706260
17716600
17728057
17729414
17730891
17734547
17735834
17737195
17738582
17739871
17741177
17753227
17755240
17764092
17772014
17779062
17780821
17782537
17790124
17801382
17803529
17814777
17816114
17817526
17818889
17820245
17821606
17822949
17824333
17825637
17826910
17828160
17829380
17830608
17831854
17833046
17834249
17835474
17836672
17837954
17839210
17845853
17847192
17848519
17849740
17851214
17852546
17855774
17857076
17858390
17860870
17868052
17869383
17870756
17872055
17873356
17874600
17875824
17877136
17878469
17879772
17881071
17892472
17893687
17895079
17902093
17903426
17904773
17906176
17912128
17913447
17914781
17916075
17917351
17918578
17919932
17921258
17922579
17923889
17925209
17926490
17929523
17930757
17932081
17933408
17934677
17936030
17937248
17938457
17939800
17948079
17949415
17961602
17963010
17964332
17965631
17966943
17968268
17969546
17970913
17972437
17973812
17975362
17976928
17978251
17979553
17980908
17982215
17983477
17984731
17985940
17987125
17988333
17989587
17990852
17992118
17993397
17994712
17995993
17997262
17998558
17999830
18001082
18002353
18003592
18004817
18005985
18007237
18008582
18009925
18011190
18012414
18013670
18014898
18016124
18017318
18018546
18019767
18021136
18033285
18045208
18047475
18060823
18063044
18076329
18077520
18078798
18080143
18081494
18082797
18084089
18094856
18106779
18108953
18122245
18124435
18135697
18140214
18151496
18153590
18166962
18168371
18169755
18171068
18172437
18184396
18186621
18197764
18199936
18213241
18215397
18228723
18240646
18241977
18243323
18253942
18256134
18270310
18281219
18293142
18294510
18295865
18297417
18298715
18299922
18301170
18308742
18310092
18311441
18312721
18314034
18315317
18327240
18339163
18347044
18360610
18361946
18363346
18373949
18376144
18378710
18382391
18389050
18393649
18399275
18410520
18412766
18414132
18415453
18416692
18417987
18419344
18420672
18421977
18425222
18426513
18427860
18429248
18430597
18432037
18433321
18434649
18446814
18458737
18470660
18476022
18480053
18491485
18503408
18514688
18515981
18517441
18518904
18521920
18523256
18524579
18525780
18526961
18528227
18529477
18530685
18532007
18533364
18534684
18536006
18537366
18538658
18539892
18541068
18552993
18564916
18566312
18567541
18568772
18570005
18571255
18572514
18573803
18575023
18576203
18577416
18578723
18580114
18585510
18586826
18588168
18589404
18590675
18591955
18593213
18594434
18595676
18596929
18598221
18599511
18603143
18604218
18605484
18606715
18607885
18609076
18610243
18611457
18612696
18613956
18615187
18618728
18620097
18621406
18622821
18632335
18633834
18635206
18636646
18640108
18641508
18649030
18650447
18651761
18653065
18654408
18655835
18657173
18658606
18659930
18661251
18662624
18669840
18671104
18672476
18673728
18674811
18676106
18684838
18686277
18687694
18689206
18690542
18691997
18693323
18694609
18696046
18697444
18709630
18715803
18720273
18722424
18726048
18727180
18737472
18738777
18740131
18752749
18763265
18765553
18776648
18778879
18782568
18784756
18786775
18798181
18810104
18814236
18815760
18817295
18818662
18829229
18841152
18842274
18843498
18844720
18845913
18857961
18869884
18872068
18883255
18884586
18886071
18896654
18908674
18915109
18918861
18923411
18926241
18939454
18942292
18952807
18963160
18971651
18972730
18976333
18977399
18982952
18985681
18987334
18988394
18990077
18996653
18998425
19000431
19005354
19006869
19011532
19022782
19032628
19044002
19045438
19046834
19057341
19059479
19069714
19080984
19092907
19094350
19095654
19097000
19098287
19109121
19111231
19122540
19134463
19146386
19148710
19162152
19163510
19164794
19166059
19167461
19178103
19179441
19180788
19182159
19183500
19195673
19197852
19208941
19214288
19219134
19220852
19222623
19226938
19228023
19233699
19238204
19239354
19249413
19261336
19263159
19273905
19275313
19279235
19285310
19296551
19297806
19299228
19311218
19312641
19314067
19320032
19321467
19327524
19328846
19332404
19333685
19343660
19351298
19352688
19354191
19355526
19366926
19368271
19369702
19370994
19372325
19373714
19374994
19376261
19377501
19378805
19380188
19385732
19387001
19388302
19389656
19390955
19392193
19393419
19394704
19406742
19408015
19409330
19421420
19433429
19434906
19436365
19437686
19439030
19440530
19451099
19463022
19474945
19486868
19489087
19500307
19512230
19524153
19536076
19537373
19538760
19550776
19552836
19564183
19566101
19580159
19584381
19595854
19597197
19598485
19601915
19603196
19604535
19605978
19607415
19608891
19610292
19622419
19624403
19637764
19645724
19648169
19655479
19656704
19667772
19668821
19678896
19690819
19692285
19693635
19705727
19707881
19719138
19720515
19721877
19732573
19744496
19746547
19755242
19766676
19768913
19782334
19784370
19797901
19807669
19811260
19812505
19815040
19819135
19820689
19822694
19824889
19826674
19828501
19830356
19832748
19833776
19835588
19837772
19841835
19846153
19851166
19852441
19853617
19861311
19865737
19867972
19872486
19873602
19881782
19887636
19890128
19894534
19901960
19904415
19909313
19910670
19916654
19923616
19931987
19938763
19942236
19946045
19951749
19955821
19962785
19963814
19965880
19977288
19979274
19990512
19991997
19993368
19994683
19995934
19997131
19998502
20005856
20007192
20008567
20009954
20011279
20012659
20013997
20015272
20016562
20017799
20028669
20040592
20052515
20064438
20066672
20079979
20082151
20093399
20094811
20096216
20097522
20098784
20109611
20121534
20123910
20137267
20149190
20151406
20153727
20158733
20161179
20174663
20186586
20188530
20199976
20201954
20209815
20213215
20214264
20215983
20218361
20222191
20226098
20228352
20241478
20243487
20256896
20265221
20266643
20267964
20269322
20281339
20282569
20283879
20285123
20286326
20287551
20288694
20289881
20291144
20292366
20293635
20295018
20296339
20297581
20298859
20300116
20301406
20302566
20303794
20305028
20306202
20307398
20308611
20319430
20331353
20333649
20346996
20348958
20362362
20364487
20366746
20369889
20377444
20388732
20393719
20395097
20396576
20398087
20399543
20400945
20413111
20425034
20427054
20440385
20442382
20446038
20447858
20452927
20458167
20469582
20481505
20482878
20484341
20485725
20487176
20488450
20489679
20490898
20492157
20493413
20494701
20507908
20519831
20531754
20543677
20555600
20556826
20558266
20568893
20580816
20592739
20604662
20616585
20618771
20629964
20631269
20632681
20635951
20637310
20641286
20642565
20645688
20650314
20653986
20655336
20656588
20657803
20659014
20668928
20670467
20671918
20673149
20674427
20675768
20677086
20678370
20690378
20692371
20705681
20706969
20708412
20719081
20720412
20721826
20723119
20724379
20725604
20726830
20728077
20729309
20730484
20731735
20732983
20743843
20745122
20746513
20747929
20749202
20750472
20751835
20763781
20765910
20779238
20780523
20781803
20783121
20784393
20785678
20786910
20788210
20789496
20793186
20794599
20795929
20797276
20803695
20804965
20806282
20807419
20808696
20810049
20811339
20812614
20813876
20815112
20816329
20817526
20829637
20830978
20832401
20833702
20834963
20836243
20846816
20848962
20854998
20858432
20861099
20866895
20869043
20882153
20884387
20897860
20900065
20913439
20925362
20937285
20949208
20950576
20952034
20962702
20963956
20965326
20976034
20987957
20998183
20999533
21000864
21002169
21003405
21004668
21005840
21016759
21018013
21019254
21022516
21023896
21025330
21026818
21028151
21029484
21030828
21042781
21044580
21045783
21051208
21062626
21064892
21069942
21077506
21082682
21094071
21096392
21098479
21111903
21113256
21114671
21115998
21117292
21129385
21131317
21139547
21149214
21160654
21172577
21173977
21175403
21176745
21178025
21179346
21180655
21191186
21201204
21211941
21214232
21225381
21227347
21240900
21242932
21256307
21268230
21280153
21292076
21295699
21296975
21298329
21299669
21301039
21311639
21314925
21325026
21327521
21328768
21330177
21332385
21333911
21335021
21336170
21337318
21338514
21339765
21341088
21342300
21343590
21344960
21346270
21347517
21348715
21349927
21351159
21352361
21353623
21354741
21355944
21357182
21358420
21359585
21360868
21362141
21363427
21367633
21369083
21372388
21373781
21375069
21376325
21377517
21378744
21379998
21381187
21382443
21383696
21384959
21386126
21387305
21388434
21389668
21390955
21392170
21393392
21394640
21395900
21397252
21401207
21402747
21404859
21406305
21409722
21410965
21412226
21413517
21414875
21416121
21420179
21421345
21422585
21423911
21425232
21426503
21427729
21429121
21431607
21432838
21434175
21439256
21440563
21441871
21443177
21444508
21445797
21452803
21456953
21458380
21462556
21465510
21467081
21475248
21476738
21479935
21481284
21489517
21490773
21501619
21506550
21520052
21531975
21537014
21538317
21539688
21541070
21542346
21543571
21544785
21554427
21566350
21568458
21582034
21593957
21599110
21610538
21612434
21614582
21615684
21626063
21637986
21649909
21651257
21652598
21661162
21662642
21664043
21665451
21668377
21675545
21676884
21688738
21690030
21691390
21703315
21715238
21727161
21739084
21741325
21752582
21764505
21765931
21767322
21768771
21770134
21776646
21777897
21779190
21780434
21788522
21790048
21791632
21792932
21794978
21796482
21807186
21809305
21810331
21820494
21822837
21825157
21838456
21840653
21850370
21861586
21873509
21885432
21886470
21887875
21891712
21893046
21894491
21895875
21897264
21898558
21899891
21901354
21902626
21903880
21910852
21912159
21913322
21914649
21916056
21926633
21938556
21939974
21941381
21951398
21952732
21954078
21955492
21966043
21970530
21971763
21973027
21974238
21975552
21976879
21981691
21983284
21986792
21988047
21989295
21990611
21992055
21993347
21994604
21995856
22007922
22009659
22014858
22017160
22030376
22035963
22049458
22050781
22052127
22064205
22066320
22068414
22070810
22072011
22084082
22085437
22086885
22097490
22109413
22121336
22124663
22125928
22127207
22128499
22129694
22130924
22132367
22133739
22135033
22136433
22137761
22148364
22150855
22153116
22166572
22167881
22169216
22181244
22183399
22196666
22207225
22214118
22215136
22225576
22227494
22235588
22240015
22244129
22245228
22250939
22262162
22266300
22267619
22268969
22270317
22271648
22273053
22274331
22275604
22276890
22278159
22279482
22280764
22282028
22283313
22284521
22285798
22287052
22288309
22289548
22290786
22293811
22295041
22296336
22297641
22298844
22300070
22301341
22305761
22307089
22319260
22320616
22321932
22327756
22328980
22330224
22331564
22332942
22334252
22335599
22336948
22338235
22339539
22340758
22341984
22343223
22344519
22345683
22346871
22348161
22349434
22350755
22352031
22353299
22354556
22355813
22357033
22358172
22359384
22360630
22361861
22363126
22364391
22365648
22366821
22368030
22369199
22370427
22371732
22372846
22374066
22375233
22376498
22377672
22378918
22380131
22381371
22389375
22390688
22392007
22393455
22394728
22396085
22397503
22398794
22406878
22408158
22420255
22432178
22444101
22456024
22467947
22479870
22481954
22484070
22497335
22498657
22500047
22501372
22502683
22504009
22505305
22506560
22507772
22519720
22521828
22535054
22536974
22545954
22557428
22561448
22562771
22563987
22565366
22566803
22568147
22569436
22570664
22571959
22573112
22574442
22575786
22577016
22578279
22579703
22581036
22582321
22583535
22584753
22596810
22598788
22605644
22616863
22628786
22630234
22631556
22633005
22634339
22635620
22636999
22638301
22639551
22640761
22642034
22643257
22644488
22645775
22647103
22648436
22649683
22650922
22653830
22656696
22657981
22659280
22660586
22661898
22663151
22664404
22674966
22677174
22688365
22700288
22701457
22702695
22703826
22705053
22706285
22707542
22708764
22709941
22711201
22712477
22713868
22715186
22724482
22725748
22737725
22739203
22740563
22741917
22743219
22744520
22745773
22747039
22748354
22749761
22753947
22755317
22756674
22757970
22759262
22760608
22761947
22763240
22764536
22765792
22767120
22768437
22769732
22771046
22772383
22773674
22774901
22776183
22777412
22778654
22781968
22783259
22784531
22785771
22787010
22788194
22789305
22799016
22801026
22814390
22818016
22821621
22822692
22826851
22828939
22834306
22838272
22839332
22848777
22850849
22853075
22854101
22856622
22859006
22860583
22862792
22871226
22884406
22886559
22888772
22889822
22900257
22901575
22902916
22914882
22916206
22917515
22918762
22920074
22921371
22922725
22924118
22925383
22926689
22928027
22929385
22930698
22931929
22933210
22934525
22935804
22937059
22938335
22939673
22940937
22944221
22950288
22951526
22954767
22956024
22962738
22964125
22974727
22975990
22977300
22980531
22981942
22983325
22984758
22986119
22987392
22988730
23000743
23002757
23016176
23018398
23029605
23030989
23032439
23033751
23035066
23047126
23048543
23049896
23060590
23065170
23066550
23077136
23079363
23090620
23092865
23103968
23115891
23127814
23139737
23151660
23153787
23167102
23169321
23171402
23183013
23190237
23192774
23194210
23204062
23206307
23208397
23212396
23220617
23221649
23223706
23235962
23249278
23261201
23273124
23275330
23277361
23285127
23296359
23298552
23306900
23307961
23309938
23321845
23324044
23337487
23339404
23352662
23354884
23365934
23368151
23379386
23388859
23402164
23403621
23405051
23406486
23407852
23418482
23420711
23426547
23433544
23444577
23455143
23468460
23480383
23482527
23485849
23497300
23499542
23510710
23522633
23524053
23525450
23535368
23536728
23537993
23539248
23550024
23557969
23562086
23565431
23567807
23571093
23572224
23579470
23590850
23592095
23593371
23594675
23595981
23607962
23610133
23623391
23635314
23637312
23650695
23652004
23653375
23659786
23661035
23664847
23666164
23667577
23669037
23670513
23672438
23673842
23675230
23676601
23677911
23679153
23689405
23690807
23692194
23693468
23694845
23705507
23717430
23719599
23732845
23735056
23746285
23748129
23758725
23765914
23777142
23779391
23792707
23793947
23795419
23796794
23798195
23799510
23800796
23802112
23803435
23804724
23805922
23807123
23808371
23809650
23810933
23812182
23813429
23814815
23816223
23819030
23820233
23821511
23822785
23824076
23825377
23826545
23827823
23829205
23831705
23832852
23834068
23835290
23836599
23837861
23843113
23844375
23845640
23856512
23868435
23880358
23892281
23894530
23905747
23917670
23929593
23941516
23946667
23952687
23955766
23957747
23959420
23970881
23973165
23977103
23982856
23985475
23996815
24008738
24010969
24024149
24025539
24026975
24028272
24029597
24030933
24032238
24033534
24034808
24046880
24058803
24070726
24072117
24073409
24074759
24076159
24088016
24089322
24090588
24091816
24093001
24094188
24095417
24096611
24097844
24099069
24100301
24101544
24102849
24104178
24105464
24106708
24118763
24120022
24121325
24133384
24145307
24157230
24169153
24170440
24171783
24183636
24184969
24186268
24187629
24188940
24190265
24191593
24192853
24194161
24195415
24196741
24198020
24199316
24200592
24201861
24203102
24204355
24205627
24206800
24208051
24209463
24217688
24218922
24220266
24221460
24222715
24223874
24225093
24226381
24228746
24229967
24231321
24232753
24234030
24235228
24236532
24237792
24249903
24251870
24265384
24266732
24268171
24278833
24290756
24302679
24304741
24315919
24317182
24318445
24319770
24321080
24322345
24323592
24324831
24326105
24327453
24328733
24329999
24331282
24332531
24333797
24335079
24336341
24337506
24338867
24350884
24352078
24353297
24354545
24355784
24357033
24358230
24359488
24360707
24362110
24363417
24364678
24365916
24367149
24368421
24369571
24370799
24372076
24373298
24374556
24375783
24377003
24378276
24379530
24380799
24382088
24393971
24395308
24396757
24398094
24399582
24400885
24402169
24414238
24421660
24423073
24433816
24435978
24447301
24449492
24451627
24465056
24467540
24468823
24470154
24483378
24485592
24498911
24510834
24522757
24534635
24538679
24539943
24541146
24542434
24543639
24544928
24546110
24547350
24548601
24549849
24551075
24552201
24553376
24554613
24555888
24557128
24558360
24559643
24560795
24562002
24563169
24564385
24565629
24566884
24568085
24569289
24570504
24582565
24583925
24585310
24586678
24587963
24589235
24590541
24591874
24593154
24594356
24595576
24596870
24598184
24599433
24600591
24601771
24602982
24604202
24605440
24606646
24607884
24609113
24610383
24611683
24612969
24614265
24615538
24616824
24618085
24619306
24620505
24621753
24633887
24636047
24643851
24657167
24659116
24672465
24684388
24685811
24687161
24688436
24689697
24691013
24692358
24693660
24694938
24696185
24697498
24698787
24700060
24701287
24702572
24703841
24705076
24706307
24707551
24708766
24709967
24711206
24712392
24713580
24714793
24716036
24717309
24718634
24719958
24721262
24722524
24723769
24724975
24726205
24727408
24728643
24729858
24731124
24732355
24733586
24734772
24735985
24737193
24738437
24739724
24741047
24742341
24743633
24744868
24746124
24747369
24748602
24749893
24751228
24752583
24753887
24755150
24756354
24757556
24758840
24760074
24761254
24762497
24763717
24764936
24766204
24767439
24768634
24769842
24771118
24772383
24773643
24774879
24776157
24777495
24778714
24779891
24781126
24782470
24783795
24785099
24786421
24787796
24789071
24790326
24791588
24792848
24794121
24795415
24796724
24798061
24799364
24800632
24801894
24803149
24804333
24805530
24806751
24807911
24809133
24810384
24811560
24812821
24814045
24815286
24816504
24828598
24840521
24841836
24843163
24853554
24854999
24856385
24857849
24859232
24860644
24872606
24884529
24895313
24896611
24897966
24909968
24913671
24923398
24924673
24926004
24927347
24928660
24929961
24931288
24943401
24945650
24947866
24961189
24973112
24974357
24975800
24987741
24999664
25011587
25023510
25025733
25027796
25036346
25040271
25043157
25048989
25051043
25052845
25054996
25068284
25069713
25071006
25083043
25094966
25097020
25103301
25105410
25112411
25116770
25129278
25142679
25144210
25145536
25146936
25148332
25149763
25151112
25152322
25153572
25158552
25159779
25171869
25183792
25185260
25186598
25187924
25189318
25190614
25191926
25204000
25206233
25219615
25221759
25232902
25235090
25237487
25250278
25251409
25262811
25264073
25265402
25277435
25289358
25301281
25302741
25304109
25305466
25306746
25308039
25309348
25319986
25331909
25341430
25342690
25343946
25345174
25346412
25347631
25348848
25350019
25351273
25352539
25353789
25355062
25367133
25368376
25369635
25370903
25372124
25373488
25374749
25375994
25377108
25378399
25379589
25380864
25382118
25385795
25386996
25388221
25389520
25390826
25392146
25393421
25394766
25395960
25397116
25398326
25399617
25403368
25404729
25406118
25411215
25412316
25413569
25414837
25416053
25417276
25420696
25421916
25423242
25424534
25425801
25427080
25428197
25429353
25430600
25431916
25433178
25434437
25435700
25436943
25438183
25439443
25452566
25454631
25468042
25469362
25470744
25472088
25473392
25474653
25475885
25477047
25478295
25484614
25485837
25487164
25488499
25494044
25495629
25499239
25500519
25504271
25505674
25506980
25508252
25509500
25510784
25512022
25513218
25514449
25515643
25516857
25518109
25519317
25520552
25521805
25522999
25524225
25525421
25526596
25527863
25529086
25530329
25531614
25532790
25533962
25535214
25536465
25537811
25539138
25540378
25541624
25542852
25544071
25545276
25546516
25547777
25549006
25558420
25559714
25571697
25573717
25587126
25588455
25589774
25592965
25594204
25595568
25596820
25598085
25599371
25600607
25601889
25603131
25609162
25610415
25621072
25622457
25633089
25645012
25647162
25660753
25662034
25663366
25675511
25677657
25679804
25683599
25692836
25694888
25701329
25702491
25704529
25709489
25723009
25734932
25746855
25748943
25758740
25770178
25772129
25785603
25797526
25809449
25821372
25833295
25835499
25840114
25851554
25852811
25854057
25855297
25856561
25868629
25880552
25889955
25891259
25897476
25898779
25910721
25911908
25913163
25914490
25915784
25917069
25918239
25919471
25920648
25933841
25936058
25942877
25956177
25968100
25980023
25982009
25995284
25997432
26010707
26015259
26028537
26030819
26042043
26043415
26044774
26046076
26047391
26059511
26061748
26063850
26068558
26078349
26088446
26090710
26104234
26105502
26106860
26112152
26113524
26121947
26123114
26124313
26125586
26126687
26127926
26129131
26130371
26131632
26132923
26134186
26135358
26136454
26137667
26146342
26147676
26153976
26157205
26158493
26159835
26161163
26162424
26163690
26165003
26166187
26167384
26168498
26169749
26181858
26183111
26184345
26185571
26186794
26188030
26189277
26190545
26191750
26192960
26194208
26195442
26196699
26198002
26199295
26200572
26201844
26203074
26204314
26205574
26206809
26208048
26209288
26210505
26211752
26212940
26216151
26217371
26218678
26221868
26223147
26224524
26225839
26227110
26228379
26229711
26231064
26232371
26233619
26234833
26236071
26237337
26238592
26239857
26241130
26242413
26243651
26244919
26246208
26247447
26248685
26249969
26251233
26252423
26253629
26254774
26256055
26257351
26258674
26261794
26263161
26264492
26265769
26266980
26268247
26269602
26270948
26272311
26273721
26275088
26276390
26277725
26279079
26280349
26281612
26282831
26284188
26296388
26306510
26317785
26319157
26320568
26321872
26323176
26331109
26332455
26333723
26335012
26336314
26337643
26338877
26340138
26341412
26342651
26343908
26345105
26346371
26347635
26348846
26350062
26351341
26352660
26353881
26355114
26356346
26357589
26358898
26360165
26361357
26362590
26363892
26365133
26366315
26367430
26368663
26369904
26371121
26372381
26373636
26374869
26376079
26377340
26378609
26379870
26381140
26382436
26383705
26384951
26386185
26387418
26388661
26389884
26391128
26392365
26393585
26394817
26396033
26397236
26398434
26399600
26400833
26402071
26403290
26404492
26405681
26406912
26408112
26409314
26410544
26411771
26413038
26414309
26415584
26416903
26418200
26419503
26420769
26422035
26423307
26424607
26425845
26427086
26428281
26429522
26430801
26432070
26433343
26434604
26435832
26437064
26438289
26439512
26440791
26442019
26443232
26444438
26445638
26446851
26448063
26449344
26450542
26451727
26452924
26454116
26455314
26456534
26457749
26459029
26460261
26461508
26462700
26463905
26465139
26466339
26467550
26468753
26469996
26471219
26472472
26473785
26475104
26478015
26479231
26480496
26481732
26483016
26484415
26485758
26487057
26488313
26489570
26490832
26502916
26514839
26516152
26517487
26518794
26520139
26521444
26522777
26524072
26525406
26526742
26528062
26529373
26530649
26531928
26533178
26534547
26535835
26537064
26538328
26539557
26540776
26542051
26543364
26544729
26546052
26557034
26558349
26559714
26560976
26562222
26563489
26564820
26566095
26567381
26568705
26569952
26571174
26572432
26573715
26575063
26576325
26577488
26578664
26579833
26581073
26582403
26583644
26584672
26585949
26587157
26588386
26589663
26590846
26592055
26593217
26594402
26595622
26596841
26598092
26599343
26600551
26601696
26602937
26604142
26605361
26606572
26607836
26609130
26610344
26611580
26612831
26614057
26615349
26616568
26617883
26619213
26620463
26634296
26635718
26637119
26638526
26639901
26641179
26642489
26653204
26665127
26677050
26688973
26700896
26712819
26714871
26720341
26733565
26734860
26736377
26746882
26758805
26760083
26761413
26762730
26764043
26765337
26766583
26770469
26771669
26783658
26787924
26794951
26796362
26798541
26799661
26800821
26814439
26816654
26823802
26825341
26827370
26828452
26836830
26843219
26844249
26853830
26854870
26865156
26866188
26876283
26888206
26900129
26902128
26913355
26915589
26926809
26929015
26940716
26952089
26964012
26975935
26987858
26999781
27011704
27023627
27035550
27047473
27059396
27071319
27083242
27095165
27096496
27097757
27099061
27100443
27101769
27103029
27104233
27105590
27106954
27119064
27121384
27132278
27142476
27153691
27155066
27156565
27168717
27170652
27178032
27182066
27186136
27187237
27191021
27192064
27194217
27202895
27205086
27209391
27220766
27232689
27234851
27236966
27250374
27262297
27263617
27265021
27266364
27267634
27268911
27270220
27271617
27272889
27274164
27275502
27276931
27278178
27279426
27280703
27281958
27283160
27284375
27285620
27286850
27288100
27291263
27292474
27293716
27294958
27296263
27297488
27298676
27299868
27301062
27302257
27303446
27304651
27305899
27307127
27308376
27309628
27310853
27312067
27322923
27324212
27325646
27331108
27332356
27333670
27342847
27344102
27345414
27346761
27348101
27349391
27350672
27352136
27353435
27354705
27355979
27357221
27358406
27359745
27361080
27362364
27372984
27375223
27377265
27390892
27392257
27393725
27395020
27396274
27397569
27398891
27400263
27401705
27402988
27404265
27405542
27406805
27408034
27409263
27410446
27411631
27412853
27414080
27415285
27416492
27417729
27419008
27420244
27431098
27433301
27442172
27455597
27456868
27458279
27470181
27482104
27484252
27491409
27492428
27498367
27503159
27508820
27511757
27521807
27526073
27531884
27533948
27535958
27549378
27550690
27551993
27554868
27556206
27557563
27569404
27570715
27571978
27573166
27574407
27575614
27576834
27581349
27582501
27583748
27592223
27593580
27594853
27596171
27597424
27598709
27600036
27601427
27602688
27603912
27605197
27606475
27607699
27608973
27610255
27611561
27612679
27613855
27615047
27616292
27617606
27618812
27620006
27621159
27622354
27623613
27625059
27626409
27627616
27628878
27630135
27631325
27632506
27633765
27635072
27636385
27637668
27638944
27640218
27641524
27642883
27644207
27645463
27646719
27647980
27649250
27650550
27651735
27652907
27654140
27655351
27656553
27657779
27659024
27660233
27661448
27662666
27663865
27665082
27666313
27667584
27668825
27670065
27671265
27672480
27673719
27674917
27676132
27677471
27678816
27680097
27681324
27689081
27690518
27691954
27693290
27694649
27695949
27708031
27719954
27722120
27735423
27736685
27737956
27739188
27740401
27743575
27744783
27746018
27747264
27748535
27749799
27751032
27752353
27753657
27754900
27756143
27757375
27758611
27759851
27761103
27762400
27763673
27773337
27774743
27776070
27777362
27778654
27780062
27781356
27782599
27783828
27785049
27786253
27787485
27788702
27789992
27791303
27792529
27793712
27794932
27796100
27797295
27798512
27803460
27804787
27806113
27807358
27808630
27809898
27811206
27812384
27813592
27814852
27826954
27828236
27829536
27830833
27832116
27833406
27834711
27846853
27848762
27859210
27872567
27873840
27875160
27876483
27877784
27879064
27880345
27881683
27882999
27884297
27885561
27886815
27888021
27891074
27892166
27893362
27905354
27907298
27920458
27922651
27935996
27938243
27940525
27951799
27953969
27967384
27979307
27980651
27981937
27983208
27984471
27985704
27987002
27988333
27989588
27990847
27992114
27993356
27994624
27995936
27997154
27998348
27999479
28000715
28001933
28003159
28004315
28005542
28006780
28007999
28009222
28010438
28011616
28012831
28014077
28015310
28016546
28017762
28018987
28020215
28021423
28022654
28023884
28025088
28026332
28027570
28028787
28029984
28031213
28032448
28033700
28034908
28036162
28037432
28038630
28039865
28041175
28042459
28043694
28044933
28056983
28059309
28061449
28072676
28073953
28075240
28076538
28077714
28084003
28085276
28086499
28087810
28099969
28101389
28102724
28106391
28107654
28108878
28110133
28122269
28123553
28124867
28136890
28139099
28152343
28154523
28158545
28171939
28173199
28174470
28175757
28177111
28178398
28179638
28180839
28182068
28183290
28184508
28185766
28187010
28188282
28189566
28190773
28191978
28193220
28194511
28195745
28197015
28208946
28210209
28211431
28222325
28224564
28226601
28232740
28246155
28248214
28261503
28263578
28276914
28288837
28290937
28302336
28315859
28318085
28331417
28332640
28333967
28345927
28357850
28359972
28373214
28374526
28375954
28377237
28378496
28379760
28381023
28382310
28383512
28384731
28386008
28387324
28388566
28389822
28391091
28392322
28393546
28394777
28396019
28397296
28398532
28399715
28400960
28402177
28403437
28404739
28406039
28407297
28408593
28409872
28411114
28412343
28413587
28414756
28415999
28417234
28418498
28419651
28420867
28422082
28423369
28424623
28425961
28427212
28428479
28429714
28430918
28432162
28433384
28434596
28435836
28437067
28438298
28439552
28440740
28441961
28443206
28444465
28445682
28446927
28448119
28449369
28450619
28451896
28453163
28454421
28455662
28456943
28458191
28459440
28460702
28461943
28463163
28464420
28465772
28466984
28468169
28469330
28470581
28471850
28473118
28474370
28475611
28476904
28478199
28479453
28480684
28481968
28483185
28484373
28485532
28486752
28487981
28489232
28490459
28491787
28493032
28494270
28495477
28496691
28497966
28499196
28500413
28501678
28502937
28504214
28505506
28506744
28507954
28509272
28510625
28511930
28513195
28514426
28515685
28516932
28518153
28519330
28520551
28521790
28532148
28533495
28534852
28536216
28537535
28538772
28540005
28541304
28542608
28543890
28545184
28546458
28547725
28549063
28550362
28551626
28552880
28554134
28555398
28556644
28557896
28559134
28560371
28561588
28562807
28564053
28565259
28566477
28567682
28568915
28570150
28571417
28572676
28573909
28575198
28576505
28577710
28578918
28580135
28581391
28582636
28583944
28585199
28586463
28587665
28588916
28590090
28591283
28592499
28593691
28594952
28596197
28597423
28598639
28599844
28601081
28602335
28603635
28604949
28606252
28607525
28608752
28610014
28611256
28612537
28613797
28615160
28616438
28617661
28618938
28620199
28621383
28622588
28623798
28624994
28626264
28627566
28628900
28630232
28631511
28632767
28634062
28635286
28636531
28637767
28638976
28640170
28641352
28642523
28643737
28644957
28646142
28647374
28648623
28649866
28651093
28652388
28653702
28654972
28656246
28657473
28658754
28659990
28661220
28662495
28663763
28664926
28666141
28667320
28668558
28669853
28671051
28672218
28673466
28674748
28676035
28677369
28678650
28679929
28681166
28682378
28683604
28684917
28686216
28687552
28688806
28690048
28691291
28692493
28693746
28694977
28696205
28697430
28698688
28699938
28701219
28702459
28703711
28705008
28706259
28707509
28708804
28710005
28711230
28712495
28713716
28714943
28716181
28717440
28718694
28720038
28721304
28722623
28727787
28729092
28730405
28731705
28732976
28734219
28735459
28736686
28737982
28739288
28740585
28746489
28747800
28749084
28750390
28751586
28752716
28753899
28755132
28756420
28757627
28758812
28759972
28761191
28762452
28763763
28765037
28766248
28767427
28768648
28769859
28771045
28772266
28773472
28774685
28775946
28788099
28789439
28790790
28792094
28793397
28794654
28795869
28797086
28798311
28799563
28800787
28803236
28804428
28805723
28807052
28808301
28809562
28810821
28812073
28813344
28814549
28815788
28817037
28818302
28819531
28820826
28822081
28823357
28824618
28825896
28827186
28828435
28829684
28830934
28832142
28833361
28834662
28835804
28836962
28838170
28839386
28840608
28841827
28843131
28844280
28845495
28846744
28847992
28849340
28850624
28851929
28853166
28854402
28855634
28856872
28858102
28859388
28860587
28861790
28862987
28864246
28865509
28866760
28868063
28869368
28870629
28871877
28873163
28874364
28875567
28876818
28878066
28879271
28880472
28881677
28882864
28884063
28885298
28886541
28887766
28889023
28890252
28891494
28892724
28893897
28895112
28896303
28897561
28898773
28900005
28901202
28902446
28903657
28904861
28906093
28907293
28908537
28909825
28911090
28912407
28913654
28914903
28916148
28917380
28918602
28919849
28921112
28922477
28923764
28924976
28926176
28927415
28928673
28929941
28931220
28932527
28933752
28934956
28936164
28937379
28938564
28939807
28941111
28942375
28943596
28944828
28946113
28947390
28948672
28949966
28951162
28952421
28953650
28961243
28962555
28963859
28965262
28966500
28967770
28969055
28970318
28971572
28972896
28974225
28975471
28976693
28977942
28979222
28980504
28981738
28982934
28984147
28985351
28986569
28987832
28989027
28990254
28991448
28992687
28993955
28995239
28996442
28997619
28998872
29000156
29001432
29002635
29003895
29005147
29006378
29007631
29008872
29010112
29011364
29012637
29013897
29015163
29016412
29017775
29019039
29020302
29021569
29022843
29024129
29034943
29037164
29044972
29056467
29068390
29078850
29080145
29081407
29082627
29083920
29085126
29086266
29087497
29088773
29089975
29091226
29092437
29093716
29095027
29096291
29097509
29098726
29100006
29101266
29102495
29103742
29104971
29106170
29107418
29108577
29109863
29111112
29112369
29113568
29114844
29116095
29117324
29118511
29119882
29121099
29122359
29123588
29124864
29126136
29127273
29128497
29129814
29130989
29132140
29133361
29134615
29135878
29137159
29138423
29139706
29140927
29142169
29143358
29144570
29145770
29147026
29160228
29161523
29162865
29164109
29165413
29166662
29167871
29169116
29170380
29171674
29172957
29174212
29175432
29176706
29177983
29189546
29190780
29192058
29193383
29194773
29196087
29197396
29198716
29200023
29201325
29202577
29203820
29205067
29206297
29207611
29208936
29210167
29211406
29212681
29213944
29215160
29216416
29217630
29218817
29220086
29221238
29222495
29223762
29224975
29226221
29227494
29228884
29230124
29231404
29232650
29233860
29235108
29236328
29237478
29238767
29240027
29241259
29242594
29243942
29245233
29246506
29247725
29248898
29250107
29251386
29252737
29253953
29255265
29256558
29257836
29259077
29260327
29261594
29262905
29264252
29265539
29266811
29268046
29269275
29270475
29271671
29272895
29274102
29275336
29276607
29277873
29279163
29280321
29281576
29282772
29283956
29285194
29286395
29287535
29288755
29289995
29291234
29292468
29293715
29294948
29296194
29297378
29300587
29301795
29303093
29304341
29305636
29306936
29308241
29309504
29310692
29314311
29315565
29316838
29318107
29319320
29320577
29321838
29322997
29324256
29325634
29326944
29328193
29329421
29330719
29332023
29344136
29346393
29348460
29361327
29364744
29365811
29372347
29385910
29387229
29388508
29400555
29401876
29403169
29404416
29405588
29406817
29408073
29409300
29410584
29411733
29412954
29414198
29415491
29416694
29417907
29419231
29420570
29423864
29425128
29426428
29427681
29428936
29430187
29431367
29432524
29433644
29434839
29436043
29437301
29438506
29439720
29440948
29442173
29443414
29444633
29445855
29447047
29448270
29449514
29450726
29451938
29453168
29454424
29455658
29456883
29458139
29459429
29460708
29461972
29463220
29464487
29465746
29467034
29468265
29469502
29470717
29482792
29484109
29485539
29486934
29488210
29489402
29490601
29491806
29493031
29494254
29506321
29508275
29521480
29522758
29524139
29534846
29536796
29548269
29551234
29552489
29553830
29565778
29577701
29579144
29580535
29581991
29583301
29593821
29605744
29607080
29608503
29609790
29611104
29612454
29613773
29625840
29631100
29632433
29643043
29654966
29657232
29668035
29679277
29691200
29703123
29704445
29705728
29716373
29728296
29729678
29731000
29741500
29753423
29765346
29777269
29789192
29790634
29791981
29802581
29804784
29816070
29817507
29818796
29820056
29821357
29822709
29824016
29825272
29826548
29827843
29829101
29830339
29831548
29832806
29842345
29854268
29866191
29867470
29868834
29870152
29871444
29872800
29874093
29875376
29876616
29877810
29879036
29880294
29881522
29884145
29885390
29886709
29887958
29889231
29890517
29891751
29893127
29894434
29895655
29896916
29898165
29899426
29900713
29901955
29903139
29904297
29910010
29911271
29912680
29924645
29926793
29937988
29939364
29940708
29942026
29943364
29944717
29946046
29947301
29948619
29949927
29951180
29952397
29953737
29955054
29956299
29957548
29958775
29970826
29972137
29973411
29984202
29996125
30008048
30011158
30012409
30013661
30014960
30027083
30028425
30029785
30031160
30032446
30033723
30034959
30044153
30054739
30056808
30070210
30071485
30072856
30074209
30075486
30076807
30078259
30079604
30080885
30082130
30083350
30084582
30085758
30086953
30088181
30089438
30090672
30091871
30093112
30094327
30095576
30096791
30098005
30099190
30100435
30101741
30114946
30117224
30130527
30142450
30144457
30157759
30169682
30171070
30172365
30173634
30175052
30176397
30177666
30178883
30180058
30181327
30182552
30183778
30184999
30186271
30187583
30188773
30189970
30191159
30192406
30193642
30194879
30196127
30197305
30198431
30199610
30200839
30202053
30203267
30204479
30205780
30206970
30208199
30209480
30210794
30212146
30213414
30214664
30215919
30217195
30218492
30226165
30227594
30228900
30232208
30233428
30234738
30236115
30237429
30238689
30239923
30243143
30244352
30245649
30246999
30248397
30255343
30256737
30268827
30270131
30271579
30272869
30274177
30286240
30298163
30299554
30300834
30302107
30303359
30304626
30305906
30307240
30308535
30320452
30322620
30333857
30335166
30336523
30340491
30341840
30353796
30355119
30356486
30357794
30359059
30360361
30361725
30373647
30385570
30386830
30388211
30389523
30390803
30402915
30404241
30405496
30406722
30407942
30409176
30418805
30420144
30421423
30432267
30433615
30435005
30436359
30437694
30439093
30440409
30441684
30442868
30444077
30445330
30446589
30447893
30449181
30450538
30462629
30474552
30479994
30481409
30484326
30485614
30487015
30492483
30493821
30495207
30498588
30508716
30520639
30532562
30544485
30556408
30559940
30569700
30581623
30583138
30584504
30595273
30599009
30610431
30611691
30612989
30614262
30615545
30626338
30627673
30629036
30630392
30631642
30632836
30634080
30635339
30636549
30637812
30639081
30640405
30641688
30653558
30665481
30666841
30668278
30669636
30670993
30672283
30673578
30674840
30676154
30677480
30678814
30680122
30681360
30682604
30683837
30685089
30686301
30687598
30688967
30690260
30691519
30692758
30693942
30695157
30696387
30697567
30698803
30700039
30701246
30702477
30703773
30704999
30706301
30707649
30710601
30711852
30713183
30714480
30715819
30717107
30718398
30719696
30721017
30722278
30723487
30735393
30737815
30739976
30743277
30749505
30760986
30764964
30767271
30780742
30784107
30785216
30787222
30788421
30796141
30800022
30805018
30808557
30809601
30820005
30821336
30822730
30827415
30828815
30830170
30831594
30843486
30844810
30856694
30860005
30861513
30862967
30864363
30865637
30866869
30868100
30869352
30872569
30873794
30875219
30876573
30877837
30879101
30880380
30881543
30882848
30884212
30885473
30886741
30887956
30889152
30890415
30891679
30892914
30894114
30895301
30898918
30900220
30901529
30902806
30904175
30905461
30906685
30917508
30929431
30930722
30932013
30933272
30934612
30941292
30942722
30953479
30955585
30968932
30970258
30971670
30972981
30974261
30975513
30976769
30978187
30979516
30980815
30982201
30983489
30984781
30986090
30987338
30988538
30989772
30991060
30992391
30993663
30994929
30998108
30999320
31000637
31012761
31022813
31024896
31033318
31046721
31058644
31059955
31061247
31062547
31063926
31075915
31087838
31099761
31111684
31113867
31125135
31127285
31135817
31147095
31159018
31161094
31174640
31186010
31197933
31200250
31202336
31207120
31212603
31224118
31229607
31233037
31247059
31249061
31250737
31253333
31264697
31266921
31275726
31280568
31282859
31294862
31296592
31298927
31301993
31304734
31311599
31324856
31326820
31331685
31343119
31355042
31366187
31377360
31378764
31380238
31381508
31382689
31383915
31385110
31386377
31387606
31388800
31390032
31391310
31392514
31393694
31394944
31396210
31409417
31411716
31424967
31427077
31429324
31442845
31444119
31445423
31457474
31459654
31470892
31473850
31476009
31478854
31492346
31494288
31495516
31497303
31498978
31506344
31511723
31517035
31519150
31532686
31533990
31535336
31536710
31538023
31539349
31540794
31542123
31543419
31544748
31546075
31547301
31548500
31549676
31550961
31552206
31553475
31554750
31556057
31559497
31560815
31562177
31563498
31564735
31566046
31567391
31568771
31570088
31571386
31583437
31595360
31596654
31597972
31599231
31600568
31603451
31604684
31605978
31607243
31608519
31609825
31611178
31612449
31613656
31614892
31616179
31617430
31618658
31619877
31621159
31622358
31623526
31624772
31626058
31627312
31628539
31629867
31641713
31643901
31655061
31656454
31657833
31659121
31660440
31672523
31673879
31675226
31676589
31677913
31690044
31692082
31696151
31709675
31710924
31712308
31724412
31726625
31739747
31741699
31755245
31767168
31768503
31769906
31771248
31772484
31773702
31775084
31776384
31777630
31778885
31780083
31781268
31782528
31783726
31784904
31786140
31787400
31788676
31789912
31791114
31792345
31793645
31794915
31796178
31797442
31798707
31799952
31801207
31802460
31803693
31804909
31806141
31807517
31808859
31810102
31811284
31812492
31813775
31815052
31816303
31817490
31818703
31819932
31821222
31822405
31823642
31825052
31826214
31827316
31828585
31832150
31833369
31834645
31835793
31837037
31838458
31839795
31841080
31842486
31845595
31846778
31848042
31849340
31850700
31851998
31853266
31854532
31864116
31865529
31870754
31872293
31873904
31875370
31876768
31877986
31879267
31880631
31882056
31883415
31884780
31886004
31887312
31888594
31889845
31891091
31892316
31893528
31894791
31896034
31908095
31912581
31913903
31915276
31918714
31919964
31921268
31922588
31934589
31935851
31937110
31938468
31939860
31941201
31942629
31944003
31945363
31946731
31947982
31959895
31961288
31962656
31963947
31965313
31976000
31987923
31989384
31990726
31991995
31993293
31994646
31995991
32006559
32008921
32020012
32021333
32022579
32033420
32034733
32036097
32044562
32046055
32047594
32048974
32052137
32053388
32054688
32066820
32069021
32080207
32083226
32089666
32091048
32092430
32093738
32095070
32096410
32097683
32098936
32100189
32101405
32102636
32103869
32105180
32106404
32107650
32110638
32111958
32115309
32116884
32118202
32129073
32140996
32152919
32164842
32176765
32178167
32179466
32180713
32181977
32192752
32195091
32208357
32220280
32228769
32230148
32231513
32232849
32235845
32237195
32238533
32239901
32245052
32246418
32248029
32249462
32250875
32252244
32254726
32255992
32265671
32267005
32268355
32269635
32270949
32276792
32287221
32289195
32300667
32302017
32303454
32304825
32306134
32318182
32321404
32322654
32323942
32325296
32326683
32327960
32329200
32330441
32331706
32332941
32334216
32335546
32336853
32338204
32339531
32340907
32342237
32354316
32366239
32367583
32368913
32371901
32373148
32374454
32375761
32377147
32378504
32379812
32381026
32382192
32383385
32384611
32385884
32397970
32409893
32411310
32412660
32413933
32415346
32418686
32419905
32421167
32422403
32423658
32435764
32437764
32451273
32452650
32454056
32455442
32456831
32468765
32480688
32482010
32483360
32493197
32494706
32495955
32497235
32498540
32499956
32507852
32509286
32513009
32514560
32516104
32517644
32519079
32520436
32521750
32522990
32524134
32525351
32526603
32527983
32529297
32530504
32531781
32533070
32537412
32538679
32540025
32541395
32542744
32544008
32545275
32546530
32547765
32549085
32550406
32551684
32552932
32554156
32555421
32556687
32567524
32569770
32572690
32583281
32584316
32594448
32606371
32618294
32619631
32620976
32622437
32623828
32635609
32636847
32638177
32639899
32641220
32642557
32643911
32652710
32653912
32655193
32656597
32657902
32659186
32660459
32661751
32663039
32664342
32665595
32666836
32668090
32669305
32670501
32671742
32672984
32674245
32675475
32676728
32677995
32679205
32680387
32681570
32691261
32693355
32697240
32698410
32700305
32707339
32709462
32722665
32724916
32725947
32727784
32740934
32742878
32748674
32760098
32761367
32762691
32763997
32765336
32766640
32767898
32769127
32770382
32771632
32772822
32774071
32775270
32776392
32777590
32778800
32780004
32781260
32782500
32783804
32785191
32786499
32787763
32788999
32790237
32791464
32792708
32793914
32795110
32796342
32797584
32798817
32800036
32801301
32802675
32803953
32805225
32806490
32807736
32808982
32810288
32811477
32812698
32813956
32815138
32816420
32817614
32818782
32819996
32821212
32833308
32835480
32837600
32850737
32852126
32853563
32854935
32856341
32868415
32873119
32874516
32875960
32877263
32878560
32879937
32890721
32892031
32893452
32894802
32896091
32899633
32900885
32902163
32903489
32904784
32906064
32907351
32908594
32909839
32918452
32919843
32921192
32922478
32923702
32924950
32926238
32927564
32928775
32930031
32931274
32932552
32933823
32935072
32936299
32937570
32938849
32940123
32941333
32942565
32943881
32945166
32946432
32947680
32948936
32950261
32951612
32952899
32954170
32955505
32967631
32969750
32983032
32985935
32987173
32988460
32989723
32990934
32992268
32993522
32996542
32997778
32999016
33000231
33001545
33002880
33004126
33005422
33006645
33007850
33009085
33010339
33011566
33012831
33014073
33015334
33016492
33017717
33019102
33020421
33021675
33022913
33024154
33025374
33026594
33027822
33029059
33030258
33031441
33032656
33033903
33035155
33036391
33037610
33038861
33040083
33041413
33042740
33044048
33055973
33058069
33069338
33070661
33072110
33082707
33084068
33085532
33096201
33097425
33098843
33100271
33101630
33113623
33114880
33116176
33117409
33118661
33119938
33121210
33131918
33133153
33134450
33135748
33137084
33138381
33139653
33140952
33142132
33143368
33144578
33145784
33147021
33148209
33149474
33150702
33151882
33153074
33154312
33155555
33156806
33158057
33170143
33182525
33195810
33203701
33214976
33226899
33232165
33233619
33242176
33243623
33245064
33246356
33258412
33259732
33260928
33262179
33263390
33264684
33265814
33267059
33268386
33269744
33271033
33272345
33273609
33274798
33276005
33277181
33278434
33279692
33291793
33303716
33315639
33327562
33334470
33345857
33347858
33359224
33361244
33372624
33376512
33389856
33392091
33393402
33403305
33405464
33418845
33430768
33442691
33444033
33445396
33446741
33447992
33449279
33450512
33451747
33453012
33458186
33459482
33460746
33461975
33463222
33464423
33465602
33466805
33468010
33469251
33470448
33471660
33472888
33474121
33475351
33476576
33477863
33479210
33480506
33481744
33482965
33484195
33485430
33486666
33487891
33489120
33490368
33491624
33492825
33494069
33495316
33496527
33497699
33508570
33520494
33533901
33545824
33556585
33557925
33559293
33560668
33564924
33566306
33567640
33568897
33570122
33571325
33572554
33573828
33585572
33586890
33588263
33589534
33590822
33592074
33602710
33614633
33626556
33628520
33639957
33642139
33653438
33656269
33657571
33658866
33660123
33661297
33672172
33684095
33696018
33704102
33705523
33716103
33718224
33729589
33731773
33742924
33744242
33745545
33757592
33769515
33770786
33772233
33777030
33778459
33782163
33783474
33784835
33786057
33787323
33788548
33789773
33790938
33794299
33795576
33796822
33798087
33810125
33811372
33812636
33823464
33824791
33826107
33827482
33828825
33830133
33831349
33832568
33833812
33835072
33836259
33837438
33847127
33849378
33862658
33864829
33874549
33880872
33894321
33896202
33905436
33910801
33924049
33925291
33926523
33927757
33928966
33930211
33931437
33932672
33933842
33935079
33936289
33937482
33938691
33939898
33941096
33942327
33943566
33956665
33968588
33980511
33992434
33993787
33995178
33996502
33997798
33999062
34000336
34001602
34002878
34014749
34016046
34017418
34029376
34041299
34042616
34043981
34045307
34046725
34048081
34049348
34050623
34051851
34053103
34054417
34055743
34057004
34058240
34059517
34071609
34083532
34084875
34086312
34098155
34110078
34112203
34123363
34135286
34137334
34148478
34159604
34161820
34172975
34184898
34187079
34196653
34210095
34218009
34219108
34221280
34223385
34236886
34238827
34247629
34251275
34255008
34256054
34257930
34258985
34263320
34276730
34278065
34279369
34291386
34293632
34304878
34316801
34328724
34340647
34341919
34343301
34355339
34356709
34358168
34359530
34360918
34362211
34363468
34364704
34365948
34367189
34368548
34369799
34371011
34372178
34373343
34374549
34375761
34386605
34387925
34389166
34390383
34391570
34392804
34394049
34395307
34396563
34397833
34399139
34412228
34414475
34427792
34429095
34430495
34431803
34433089
34445194
34457117
34458431
34459864
34470427
34471720
34473182
34474569
34475889
34477231
34478548
34479837
34481123
34482403
34483718
34494632
34495770
34496989
34506614
34518537
34520634
34525928
34539258
34551181
34563104
34575435
34586769
34588099
34589358
34600207
34601504
34602873
34614947
34616905
34630081
34634511
34647866
34649929
34663288
34675211
34676521
34677732
34679022
34680291
34681568
34682848
34684160
34685422
34695449
34696753
34697979
34699256
34700577
34701854
34703125
34704416
34705704
34707047
34708338
34709574
34710865
34712157
34713448
34714809
34716153
34717500
34719013
34720342
34730738
34732076
34733423
34734845
34736155
34737501
34738864
34740160
34741396
34742668
34744025
34745372
34746657
34758528
34759963
34767303
34768667
34770021
34771456
34772681
34773952
34785989
34788344
34801585
34803459
34808268
34821580
34827638
34837746
34840047
34853237
34864756
34866109
34870339
34880822
34892745
34894008
34895314
34907291
34908640
34909969
34922007
34932201
34943560
34955483
34956917
34958233
34959465
34960696
34961964
34963207
34964455
34965732
34966962
34968266
34969603
34970901
34981693
34993616
35005539
35017462
35019541
35030952
35042875
35045351
35046537
35047803
35049107
35050454
35051753
35053036
35054299
35065568
35066878
35077660
35089583
35090920
35092252
35103004
35114927
35126850
35138773
35150696
35162619
35163996
35165327
35174900
35176216
35177586
35178842
35181294
35182463
35183671
35191004
35192264
35204376
35206596
35216811
35228230
35240153
35252076
35263999
35270447
35271833
35282511
35283808
35285059
35286287
35287552
35288870
35290098
35302050
35313973
35315320
35316701
35327283
35329488
35340744
35342063
35343488
35354134
35355407
35356753
35358053
35359367
35360622
35361896
35363287
35364678
35365966
35367279
35368674
35369937
35371214
35372470
35373692
35374889
35376129
35377370
35378620
35379829
35391879
35403802
35405971
35419228
35421445
35434675
35435936
35437196
35438423
35439692
35441040
35442321
35443589
35444846
35446090
35447334
35459445
35469284
35470742
35472126
35473371
35474700
35476094
35477348
35478648
35490747
35499318
35500610
35501895
35503310
35508699
35510064
35511533
35516402
35517675
35518952
35520390
35521704
35522974
35524214
35525468
35526666
35537520
35541233
35542480
35543822
35545203
35546482
35549497
35550744
35552155
35562825
35565032
35571456
35582741
35585586
35596171
35598313
35604652
35608636
35611095
35617526
35619618
35621486
35623245
35628519
35631671
35632689
35642943
35644301
35645570
35656536
35668459
35669930
35671359
35679848
35681217
35682531
35684037
35685530
35686912
35689821
35690990
35692194
35693446
35694713
35706810
35708673
35721844
35732393
35733714
35735009
35736455
35740686
35743867
35755591
35756834
35758117
35759492
35760913
35762192
35763417
35764636
35765880
35767112
35768319
35769577
35770730
35771912
35773144
35774380
35775639
35776884
35778132
35779342
35780637
35781816
35782992
35795045
35806968
35809123
35810169
35822403
35827754
35829081
35830161
35839841
35851764
35853207
35854586
35866636
35867942
35869230
35870498
35871630
35872840
35874111
35875358
35879101
35880481
35881654
35882886
35884164
35885412
35886659
35887916
35889115
35890313
35891515
35892701
35893919
35895180
35896443
35897712
35898938
35902056
35903320
35910298
35911528
35912957
35914275
35915596
35916941
35918306
35928984
35930331
35931732
35932960
35934196
35935440
35936653
35948505
35949911
35951317
35952605
35953900
35955190
35956515
35957781
35959076
35960286
35961527
35962768
35964010
35965250
35966535
35967754
35968944
35970087
35971252
35972434
35973668
35974913
35976118
35977352
35978671
35980038
35984193
35985464
35987985
35989163
35998811
36010734
36022657
36033754
36035079
36040677
36042003
36043308
36044735
36051344
36052656
36053916
36055207
36057960
36059134
36060448
36061702
36062876
36064072
36065286
36066527
36067769
36069012
36075354
36076642
36079962
36081250
36082741
36084042
36092283
36093832
36095243
36096577
36097921
36099333
36100606
36101889
36103164
36104383
36105700
36107076
36108392
36115621
36116946
36118268
36119550
36120896
36122181
36123479
36131835
36133129
36137219
36138510
36139898
36141167
36142471
36145653
36147008
36148322
36149526
36150868
36152179
36160500
36161741
36162984
36164309
36176369
36188292
36200215
36212138
36213448
36214918
36225469
36227761
36238814
36250737
36252630
36264002
36275925
36278142
36289335
36301258
36313181
36325104
36326304
36327614
36329040
36330456
36331718
36332965
36334172
36335376
36336567
36347398
36359321
36371244
36372458
36373720
36384565
36396488
36397957
36399262
36403743
36405028
36415950
36417196
36418652
36419952
36421176
36431741
36433119
36434631
36440161
36441397
36450250
36452454
36453613
36454970
36456245
36457454
36458635
36460037
36461468
36464689
36465998
36469495
36470761
36473170
36474480
36475792
36477089
36478252
36479439
36491564
36503487
36515410
36517773
36528917
36531173
36544522
36545924
36547220
36548466
36549780
36551046
36552297
36564386
36566509
36570244
36572474
36573500
36582084
36585608
36598995
36601247
36613846
36625745
36627784
36629974
36633075
36634198
36636251
36644589
36655946
36657227
36658765
36660128
36661472
36662852
36664088
36665343
36666626
36673774
36675075
36676314
36677654
36679114
36680566
36682021
36683274
36684465
36685656
36686854
36688092
36689335
36690585
36691831
36693117
36700364
36701751
36703121
36704448
36705704
36706928
36708120
36709371
36711837
36713004
36714237
36715474
36716698
36717919
36719150
36720400
36721733
36723074
36724361
36725561
36729307
36738968
36740225
36741511
36742976
36744322
36745652
36747007
36748353
36749622
36750896
36752110
36753341
36754616
36755915
36757132
36758333
36759571
36772735
36774043
36775358
36776714
36778059
36790129
36791448
36792818
36794200
36795525
36796815
36798071
36799398
36800779
36802062
36803356
36804568
36805799
36807125
36808528
36809785
36811054
36812283
36813559
36814757
36815979
36817251
36818528
36819823
36821030
36822264
36823496
36824843
36826088
36827340
36828539
36829779
36830989
36832201
36833416
36834625
36838332
36839559
36840948
36846851
36848208
36849587
36850840
36852076
36853312
36854617
36855897
36857122
36858333
36859531
36860732
36861939
36863203
36864456
36865687
36866868
36868117
36869365
36870647
36871915
36873174
36874420
36875673
36876919
36878158
36879427
36880684
36881925
36883113
36884350
36885574
36886805
36888064
36889325
36902562
36904701
36918060
36920362
36933585
36941084
36942386
36943692
36944982
36946275
36947580
36948906
36950213
36951526
36952804
36954067
36955349
36956606
36957865
36959122
36960367
36961629
36962882
36964136
36965365
36966572
36967801
36969011
36970238
36971478
36972740
36973954
36975172
36976375
36977575
36978818
36980000
36981230
36982440
36983720
36984949
36996741
36998191
36999470
37000715
37001965
37003201
37004439
37005682
37006959
37008342
37009633
37010879
37012121
37013387
37014626
37015886
37017169
37029182
37030468
37031780
37033126
37034476
37035827
37037203
37038519
37039784
37041039
37042225
37043443
37044659
37045910
37047162
37048437
37049641
37050893
37052167
37053431
37054711
37055977
37057235
37058494
37059737
37060963
37062177
37063444
37064669
37065927
37067261
37068523
37069855
37071087
37072324
37073601
37074887
37076130
37077339
37078547
37079731
37080925
37082099
37083297
37084544
37085804
37087098
37088390
37089566
37090750
37092030
37093163
37094372
37105168
37107422
37120697
37122028
37123343
37124693
37126039
37127313
37128543
37134895
37136216
37137518
37138807
37140148
37141460
37142758
37144019
37145280
37146545
37147778
37148966
37150136
37151373
37152635
37153920
37155234
37156503
37157750
37158997
37171073
37173178
37186315
37187608
37188927
37190226
37191532
37192860
37194198
37195542
37196836
37198103
37199346
37200569
37201843
37213950
37215214
37216536
37227314
37228652
37229924
37231151
37232413
37233673
37234857
37236089
37237351
37238716
37239968
37241221
37242514
37243778
37245025
37257114
37259321
37261594
37266471
37279910
37281171
37282427
37283754
37285111
37286405
37287704
37289027
37290360
37291657
37292925
37294175
37295444
37296714
37297902
37299090
37300338
37312454
37314614
37327928
37341335
37342607
37343915
37345103
37346403
37358494
37360347
37363975
37377214
37378477
37379781
37381008
37382329
37383601
37384859
37386084
37387329
37388596
37389863
37391189
37392495
37393827
37395099
37396374
37397716
37398984
37400249
37401566
37402821
37404086
37405394
37406657
37407843
37409033
37410434
37411768
37413017
37414266
37415465
37416687
37417913
37419158
37420407
37421592
37422764
37424021
37425297
37426683
37427977
37429189
37430421
37431640
37432854
37434099
37435359
37437959
37439154
37440469
37441811
37443021
37444289
37445535
37446797
37448083
37452768
37454117
37455529
37456924
37458237
37459635
37460988
37462312
37463628
37464927
37476880
37479588
37490231
37493145
37503697
37505546
37511571
37515423
37528899
37530167
37531454
37542181
37544418
37546612
37556760
37561884
37566953
37569052
37575478
37588757
37598292
37611701
37613032
37614387
37615671
37616951
37624320
37625711
37627025
37628298
37629577
37630880
37632154
37633426
37634709
37636014
37637250
37638489
37639741
37640980
37642201
37643417
37644663
37645897
37648702
37649875
37651101
37652335
37653581
37654852
37656009
37657235
37658545
37659884
37661185
37671849
37673129
37674540
37675888
37677135
37678363
37679575
37680810
37682084
37683340
37684608
37696637
37708560
37709963
37711312
37712583
37713843
37715107
37716458
37717802
37719079
37720332
37721520
37722758
37723995
37725319
37726452
37727691
37739726
37741075
37753235
37765158
37767548
37780894
37783076
37786443
37792562
37796913
37810238
37811614
37812979
37814302
37815549
37816882
37818179
37819477
37820774
37832846
37839141
37840411
37852425
37864348
37866495
37877800
37879851
37893291
37905214
37910478
37915763
37926315
37931225
37933280
37943047
37945093
37947168
37960341
37972264
37974501
37976507
37978401
37980399
37982621
37995871
37997934
38009203
38011350
38022841
38034060
38045983
38047335
38048666
38051930
38053161
38054421
38055686
38056893
38058117
38059321
38060530
38061738
38063003
38064245
38065503
38066771
38068046
38078771
38080947
38094154
38096496
38109739
38111039
38112505
38123135
38124390
38125640
38126902
38128268
38138994
38140238
38141585
38142871
38144196
38145475
38146750
38148055
38149304
38150447
38151688
38152891
38154117
38155378
38156896
38158221
38159433
38160613
38161806
38163027
38164321
38165564
38166855
38178866
38180213
38181484
38182841
38184161
38185448
38186662
38187933
38189164
38190421
38191780
38203881
38215804
38227727
38229126
38230506
38242387
38243719
38244995
38246217
38247427
38248728
38250023
38251278
38252533
38253815
38255071
38256326
38257559
38258795
38260123
38267575
38268871
38270172
38271395
38272608
38273840
38275077
38276310
38288382
38290567
38295935
38309211
38311295
38319648
38333094
38345017
38356940
38358276
38359631
38370113
38371432
38372826
38374159
38375445
38376690
38377914
38379124
38380344
38381586
38382801
38384036
38385231
38386461
38387725
38388951
38390253
38391454
38392622
38393832
38395068
38396307
38399465
38400754
38401994
38403259
38404619
38405926
38407192
38408420
38409605
38410826
38412015
38413297
38414543
38415838
38417117
38418315
38419501
38420759
38421939
38432850
38434969
38448314
38449601
38450909
38455223
38456538
38457879
38459132
38460351
38461649
38462906
38464149
38465365
38466608
38467832
38469106
38470369
38471660
38473011
38474314
38475578
38476882
38478197
38479462
38480706
38481971
38483241
38484516
38485775
38487046
38499125
38501403
38512600
38514646
38528049
38529371
38530785
38542723
38544091
38545538
38546785
38548047
38549316
38550550
38551881
38553135
38554414
38555693
38556977
38558204
38559420
38560653
38561869
38563102
38564357
38565583
38576458
38577746
38579045
38580332
38581650
38582952
38584237
38590357
38591593
38592939
38594362
38595671
38596986
38598281
38599519
38600798
38602054
38603370
38604618
38605843
38607056
38608286
38609571
38610833
38612045
38613343
38614723
38616009
38617239
38618487
38619841
38621100
38622339
38623618
38624900
38626162
38627424
38628666
38629871
38631049
38632270
38633545
38634791
38635997
38637243
38638497
38639786
38641079
38642403
38643693
38644911
38646146
38647404
38648701
38650101
38651427
38652665
38653850
38655083
38656355
38657592
38669643
38681566
38693489
38695527
38706822
38709013
38720195
38732118
38744041
38745402
38746650
38747906
38749146
38750375
38751618
38752846
38754090
38755320
38756559
38757778
38758950
38760192
38761508
38762693
38763866
38765019
38766195
38767451
38768668
38769868
38771118
38772325
38773527
38774725
38775950
38777194
38789281
38790519
38791824
38793081
38794298
38795577
38796794
38797994
38808868
38810104
38811378
38812629
38813872
38815062
38816228
38817433
38818618
38819831
38821082
38822294
38823523
38824753
38835403
38836790
38838179
38848743
38850042
38851332
38852587
38853811
38865846
38867949
38879368
38880729
38882149
38887496
38888782
38890029
38891442
38892717
38893955
38895148
38896480
38897774
38899077
38902507
38903788
38904944
38906185
38907443
38908669
38909924
38922023
38923333
38924718
38926046
38927272
38939157
38941412
38954575
38955911
38957191
38958513
38959704
38971665
38973899
38987121
39000444
39002584
39013927
39015893
39027137
39039060
39050983
39062906
39064176
39065540
39066895
39068145
39069420
39070674
39071918
39073179
39074564
39075867
39077124
39078375
39079659
39080818
39082048
39083256
39084526
39085784
39086987
39088253
39089524
39090699
39091887
39093073
39094390
39095693
39096969
39098237
39099485
39100732
39102014
39103294
39104539
39105758
39106971
39108224
39109449
39110634
39111842
39113068
39114414
39115750
39127667
39132382
39133572
39134789
39136080
39147998
39150799
39152066
39153411
39165527
39167339
39180619
39182027
39183374
39184605
39185782
39187031
39188345
39189649
39190844
39192030
39193211
39194400
39195617
39196828
39198069
39199393
39200731
39201948
39203197
39204380
39205624
39206913
39208165
39209408
39210659
39211893
39223956
39235879
39237184
39238650
39240041
39241415
39242771
39244055
39245287
39246578
39247804
39249004
39250194
39251415
39252686
39263843
39265096
39277014
39278984
39290420
39291744
39293150
39304912
39306204
39307496
39308744
39310021
39311477
39312858
39314265
39315608
39316892
39318198
39319477
39329149
39330582
39343688
39345009
39346520
39347787
39349027
39350298
39351554
39352836
39354243
39355619
39356975
39358274
39359590
39368358
39369698
39381670
39383093
39384400
39385674
39386973
39399057
39400359
39401619
39402853
39404062
39405255
39406457
39407659
39418538
39430461
39432522
39434833
39448225
39460148
39472071
39473390
39474781
39485307
39486565
39487842
39498691
39499724
39500742
39502712
39516254
39528177
39529559
39530941
39532239
39533574
39545600
39546856
39548199
39560161
39572084
39579145
39590450
39591786
39593122
39603750
39605942
39617182
39618472
39619897
39630493
39631767
39633090
39637233
39638674
39640022
39641321
39653345
39655400
39656682
39658020
39659486
39670036
39681959
39683399
39684708
39685993
39687249
39688494
39689704
39690968
39692313
39705451
39717374
39729297
39730603
39731915
39743975
39745373
39746689
39747972
39749220
39750530
39751854
39762447
39764614
39777995
39780197
39791647
39803570
39805651
39818993
39821249
39832441
39834641
39840118
39844433
39845456
39847407
39860874
39872797
39884720
39886159
39887549
39888876
39890189
39891441
39892699
39893893
39895098
39896339
39897595
39898838
39900046
39901299
39902502
39903697
39904935
39906136
39907343
39908584
39909834
39911031
39912242
39913422
39914644
39915869
39917102
39918302
39919482
39920597
39921752
39922929
39924058
39925246
39926451
39927666
39928939
39930241
39931546
39932831
39934127
39935384
39936595
39937798
39938983
39940207
39941403
39942628
39943873
39945104
39946338
39947598
39948717
39949868
39950979
39952103
39953242
39954387
39955556
39956707
39957906
39959123
39960331
39961479
39962725
39964143
39967573
