5614303
5670729
6020089
6022651
6025433
6028711
6031096
6034024
6037272
6040066
6042965
6045831
6048766
6051547
6054749
6057263
6060429
6073912
6076879
6080036
6082270
6084437
6097997
6112922
6115758
6119020
6121920
6125106
6128037
6130824
6133605
6136162
6139372
6153108
6158343
6161971
6175471
6195037
6197513
6199989
6202404
6205690
6208892
6211444
6214664
6217318
6219926
6222420
6229655
6232222
6234635
6237831
6251305
6253409
6255542
6259559
6261727
6266867
6269235
6273390
6277844
6279939
6293505
6295566
6298444
6301633
6303704
6306951
6312985
6317970
6321251
6334719
6338488
6343637
6350383
6353390
6355796
6359306
6362573
6368667
6371197
6373862
6377205
6390766
6392958
6395086
6408723
6410874
6412989
6422844
6427100
6433291
6435651
6437779
6440053
6445155
6450903
6456926
6460559
6462899
6465053
6467187
6480806
6487171
6500787
6559549
6562924
6566498
6569810
6573066
6575501
6578814
6581616
6584899
6587286
6590956
6604429
6606576
6608998
6611436
6613635
6627221
6629612
6632918
6635294
6637795
6640193
6643849
6647186
6650453
6652790
6656763
6670312
6683698
6703622
6706691
6708771
6711144
6713555
6727188
6740646
6743171
6745980
6749982
6763461
6765627
6768095
6770245
6781162
6783238
6785507
6787667
6801217
6817500
6830920
6844358
6847494
6860751
6876927
6880324
6883582
6886538
6889719
6892558
6894634
6896809
6910318
6925303
6940355
6942870
6945771
6948513
6951034
6953859
6956677
6959434
6962388
6964850
6967672
6970928
6978308
6983994
6988689
6993336
7001006
7004399
7010786
7017264
7020445
7023795
7034722
7041729
7046518
7053919
7057477
7060815
7064086
7067358
7070616
7084364
7087728
7091323
7094600
7097903
7101492
7104847
7108048
7121796
7135255
7160119
7163524
7168734
7175428
7180380
7183014
7188226
7196106
7198507
7212136
7214378
7216763
7218950
7232781
7236388
7238519
7240737
7242963
7245301
7247683
7250069
7254690
7257041
7259235
7261519
7263661
7272521
7274646
7288345
7291873
7293993
7296549
7299652
7302039
7304847
7307088
7309895
7312143
7315248
7318677
7320727
7322899
7329852
7333887
7337982
7351640
7368788
7372121
7375646
7378987
7382234
7385471
7388739
7402496
7405849
7409436
7413914
7420458
7425279
7430606
7433898
7437145
7440407
7443597
7451011
7464647
7466968
7469411
7471565
7473774
7478412
7480799
7486933
7489019
7493543
7495902
7498012
7500289
7506084
7508505
7514207
7516346
7518538
7521007
7523543
7526040
7528379
7530681
7532942
7535339
7540670
7543098
7545195
7550399
7552777
7554921
7557217
7563864
7565931
7579515
7581673
7583827
7593080
7606384
7625946
7666534
7669826
7673171
7686922
7703526
7706024
7708419
7711797
7714207
7717031
7719480
7721843
7724357
7727244
7732792
7746305
7748484
7750568
7764199
7767029
7780530
7783346
7796840
7799615
7802866
7805594
7808449
7810996
7824754
7827592
7829687
7832638
7835449
7838285
7840776
7843800
7847205
7849676
7852115
7854515
7857006
7860638
7863066
7865520
7869118
7871627
7876840
7880175
7882544
7885894
7888331
7891545
7893957
7896849
7899307
7902115
7905004
7907841
7910725
7913111
7916390
7930072
7943496
7946554
7955936
7958748
7961615
7963860
7966539
7969960
7972010
7977186
7990777
7993376
7995447
7997578
8011119
8013708
8027409
8029819
8034718
8038016
8051742
8055095
8058341
8061654
8063979
8067359
8069713
8072108
8075490
8078705
8085224
8088408
8091696
8094963
8098210
8101502
8104717
8118548
8132073
8167292
8169522
8171884
8174374
8176619
8178919
8192687
8194819
8197094
8199352
8213230
8215512
8217822
8220084
8222438
8234646
8237161
8239458
8253179
8266604
8268855
8270956
8275384
8280161
8282593
8284952
8287203
8291680
8294027
8296173
8300564
8303029
8305120
8309416
8311880
8314321
8316416
8320516
8322597
8327019
8329494
8331539
8335870
8338108
8341613
8343666
8345879
8348068
8350224
8363851
8366578
8368626
8372106
8375243
8377925
8380208
8383828
8385867
8388151
8392616
8406128
8409384
8412643
8415082
8418034
8421261
8424460
8426935
8430550
8443942
8447150
8450453
8465911
8482536
8485778
8489143
8502589
8504682
8506818
8511322
8524875
8527962
8530043
8533600
8535710
8537780
8551324
8553518
8555718
8565365
8579225
8592554
8595624
8598187
8601355
8603499
8610982
8613849
8616105
8618909
8621138
8623603
8629772
8636867
8639798
8647930
8650992
8656398
8661330
8663600
8666656
8673315
8677022
8682126
8684585
8686994
8693832
8700224
8702798
8713350
8719033
8723376
8726257
8728862
8732096
8737580
8744413
8747228
8749545
8751692
8755415
8757811
8761377
8763590
8766634
8770050
8783635
8787315
8790865
8797461
8804016
8807545
8813324
8816641
8821468
8827057
8833258
8836848
8841499
8847401
8850739
8853252
8856488
8859688
8873467
8886841
8892745
8896044
8909726
8912314
8915181
8918382
8932103
8959721
8962409
8964527
8966814
8969248
8971778
8974176
8978683
8980787
8983040
8985306
8987605
8989919
8996966
8999328
9001474
9008758
9011229
9014095
9016388
9018524
9020636
9030747
9033962
9036795
9038852
9040978
9046611
9048986
9051145
9055232
9057600
9064049
9066502
9068644
9082132
9085108
9098491
9100957
9104605
9118359
9120598
9122779
9133612
9135731
9149421
9151652
9153907
9156058
9169666
9195252
9198728
9201938
9204005
9206079
9210914
9216158
9229528
9242855
9245379
9249304
9262765
9265004
9267456
9269582
9283165
9296593
9299521
9301661
9305478
9308037
9311045
9324634
9338087
9340542
9354248
9356781
9359298
9362485
9364996
9367801
9370637
9375464
9377993
9381249
9383682
9387304
9393003
9395488
9397875
9400358
9403959
9406446
9408863
9411310
9414097
9417388
9421004
9423054
9436525
9439201
9442631
9445847
9448505
9450750
9464164
9478764
9481402
9483705
9486166
9488946
9491076
9493824
9507303
9510107
9513412
9526832
9540214
9542821
9545268
9547389
9549482
9563042
9565524
9567933
9570383
9573173
9576893
9579277
9582152
9584545
9587932
9590303
9592758
9596441
9598888
9602522
9615962
9629350
9631826
9634274
9637060
9639494
9642033
9645202
9647280
9652091
9657826
9661423
9667133
9670875
9676555
9678967
9682614
9696152
9698244
9700409
9704818
9706901
9711692
9713872
9718633
9720693
9734350
9736933
9739396
9741753
9743872
9745994
9759546
9762103
9765128
9767843
9770307
9773217
9775957
9778817
9781659
9784523
9786629
9788758
9795166
9799989
9804440
9806598
9820296
9822665
9825046
9827913
9831499
9833982
9836433
9850235
9863665
9884792
9887594
9901060
9904158
9906993
9909918
9911958
9915161
9917359
9930932
9934382
9936820
9939818
9942116
9945376
9959290
9961753
9964241
9967046
9969099
9982456
9995845
10012170
10014669
10017739
10020467
10023486
10025862
10028378
10030747
10044137
10046716
10049242
10051635
10055665
10069107
10072572
10074985
10077048
10090405
10092495
10096131
10106781
10109373
10112453
10114539
10117939
10120469
10123064
10126493
10128999
10142384
10155780
10159150
10161265
10163331
10176916
10179620
10182915
10184961
10188544
10191005
10193493
10195559
10209104
10212476
10215320
10218614
10221552
10223891
10225977
10228122
10241637
10245037
10247122
10249186
10254400
10267731
10271156
10273691
10276302
10278475
10281799
10284086
10287522
10290049
10293486
10296066
10299133
10301485
10304940
10307678
10321312
10324682
10327350
10329945
10332132
10345421
10347743
10350797
10352911
10366235
10368782
10370960
10374434
10377600
10380003
10382131
10384608
10388381
10401837
10404325
10406874
10409282
10411847
10414522
10417008
10419513
10421902
10424587
10427142
10429920
10433310
10435794
10438965
10441486
10448383
10451171
10454037
10456910
10459763
10462932
10464992
10468304
10470771
10473994
10477262
10480037
10482894
10496437
10515401
10528824
10543504
10545946
10548411
10551692
10554061
10556105
10569541
10572360
10574829
10577717
10580073
10583445
10596713
10598902
10602520
10604956
10606992
10620721
10623423
10626065
10629421
10632559
10637918
10643782
10645956
10649352
10652377
10654631
10656777
10670418
10672468
10676167
10689240
10692804
10696186
10699424
10707426
10711860
10715223
10730278
10733900
10737206
10739628
10743303
10750604
10753946
10756273
10759817
10761955
10765300
10768508
10770943
10773391
10776618
10779968
10783206
10786380
10791433
10798213
10801920
10808813
10812462
10826226
10839308
10841748
10847019
10850627
10853523
10856323
10869767
10872698
10886215
10899483
10922280
10935739
10937926
10951163
10954133
10956187
10969499
10972693
10974864
10977111
10990620
10992951
10995795
11010047
11024858
11026966
11040264
11043705
11045751
11048582
11050707
11053021
11055403
11069010
11088192
11091585
11094358
11100506
11103126
11105627
11112066
11125325
11127556
11139299
11152607
11154726
11156820
11162421
11175743
11177804
11179954
11184430
11197740
11199866
11202072
11207086
11212168
11214924
11216960
11230275
11243673
11257083
11270562
11295686
11306093
11309912
11323417
11326191
11328805
11331271
11333618
11336789
11339653
11342361
11345689
11348172
11351288
11354325
11356532
11359764
11362634
11364721
11368626
11370776
11373023
11376029
11378482
11380998
11384094
11386835
11391844
11405251
11407615
11410924
11413328
11416948
11419406
11422706
11425990
11429576
11432893
11435225
11437683
11440992
11443481
11446276
11449066
11451935
11455257
11458082
11462249
11467779
11470571
11473159
11475606
11478390
11481316
11484126
11487386
11489845
11492279
11495910
11498374
11501703
11504087
11506919
11520388
11533696
11547126
11550186
11552231
11554306
11567896
11570662
11573607
11587063
11600446
11616701
11619812
11622147
11624306
11626381
11630817
11643979
11647335
11649832
11652250
11654464
11656706
11662046
11675327
11688729
11691481
11694083
11696541
11699721
11702133
11704565
11707016
11709568
11712299
11715627
11718450
11731935
11734328
11737559
11739894
11753508
11755662
11758100
11760170
11773927
11787324
11789793
11792275
11794855
11797355
11800410
11803419
11805544
11807646
11821287
11824197
11826606
11829941
11833241
11836528
11840063
11845769
11849084
11852669
11866133
11868334
11870739
11872924
11886502
11888602
11891942
11894125
11897198
11899772
11902197
11905274
11907899
11912410
11915592
11918034
11931627
11945103
11947529
11950376
11952774
11955640
11958978
11962545
11976292
11989767
12003231
12020327
12022545
12024980
12027139
12029458
12035998
12041748
12055176
12068603
12071168
12073745
12076149
12078886
12083377
12096817
12110240
12123691
12126298
12128966
12132373
12146006
12159475
12161939
12167999
12170060
12183556
12192619
12197943
12200039
12202901
12205189
12208308
12221783
12240404
12243024
12245480
12247677
12249870
12252086
12258122
12260215
12264578
12266707
12280303
12283526
12288034
12294146
12300222
12313656
12316950
12320165
12322594
12327869
12331409
12336818
12341242
12345285
12355614
12369035
12372582
12374655
12378288
12381605
12384872
12387301
12392062
12395768
12403501
12406776
12410053
12416084
12429572
12431997
12445667
12448376
12450764
12454057
12457633
12461379
12470687
12475569
12478800
12484075
12489372
12492684
12495870
12501592
12505141
12507244
12510471
12513768
12517091
12520370
12523616
12527157
12530549
12534130
12538023
12544997
12548315
12551675
12556911
12565019
12568357
12571606
12573945
12576826
12580087
12585397
12588344
12591575
12593925
12597151
12600374
12606060
12610092
12617172
12622774
12626064
12628914
12631341
12634574
12637932
12641492
12643955
12646401
12649573
12652118
12654938
12658279
12662119
12669483
12672557
13464169
13466603
13469463
13476992
13480299
13482816
13485246
13488480
13491369
13495389
13499063
13502754
13508817
13512878
13516040
13521479
13527024
13534861
13538920
13542177
13547460
13551457
13555498
13559673
13562113
13565473
13579151
13581853
13583928
13586247
13588634
13590921
13604509
13618114
13620881
13626523
13629709
13634341
13640130
13643568
13648805
13655744
13659148
13664589
13666626
13670098
13673380
13675741
13678511
13681673
13684884
13687789
13692775
13695102
13698081
13701198
13703245
13708194
13712327
13714543
13721726
13724138
13726568
13730199
13733201
13739702
13746097
13748252
13756720
13760051
13762288
13765669
13768260
13770686
13773238
13782417
13785744
13799314
13802503
13804906
13808298
13810374
13815496
13817843
13831903
13837639
13842498
13849190
13851857
13855561
13857646
13861257
13871941
13879329
13882018
13884232
13887466
13890297
13893624
13895891
13909551
13911768
13914099
13916303
13928843
13934602
13940646
13947558
13953693
13962619
13965037
13967421
13971866
13974421
13976793
13978868
13983811
13986172
13988533
13990658
13994722
13997204
14000013
14002369
14004516
14006831
14010579
14012686
14014790
14017132
14019271
14024420
14026797
14028899
14031255
14033464
14037836
14039904
14042071
14044326
14046379
14050870
14053243
14055436
14061441
14063499
14065645
14070028
14072464
14074569
14081064
14083364
14085545
14099150
14103476
14109309
14114989
14118409
14120587
14123907
14129088
14132449
14137617
14139769
14142972
14146181
14149470
14154812
14160149
14166591
14169009
14171967
14177950
14181644
14184983
14188188
14194176
14199431
14204405
14207681
14212946
14216557
14221853
14227638
14233653
14237458
14242732
14247997
14251960
14257265
14264949
14270454
14273520
14278902
14282569
14288970
14293989
14296372
14298732
14302493
14304867
14308569
14322326
14327436
14340731
14343479
14345601
14348892
14351319
14364864
14378734
14381901
14385091
14387238
14390000
14395923
14398168
14401745
14404786
14407648
14413291
14416043
14419144
14421538
14424746
14427045
14429172
14442560
14445878
14448330
14451373
14454021
14457323
14459913
14473367
14476091
14478711
14481443
14483960
14486764
14489175
14492000
14494964
14508395
14511791
14514060
14516188
14518362
14531928
14538633
14553139
14568017
14571142
14574500
14577819
14591216
14593945
14597219
14599291
14601635
14603766
14617284
14623255
14628527
14634201
14637851
14641966
14648036
14650088
14663631
14666182
14668627
14672379
14676298
14681950
14684031
14687372
14700431
14703216
14705729
14708085
14710876
14713386
14716101
14718679
14732115
14734201
14747579
14750949
14753012
14755837
14757936
14763137
14776421
14791099
14802513
14806450
14809557
14811969
14814171
14817462
14820851
14823776
14830622
14843953
14850048
14853964
14856096
14859038
14864146
14866254
14879733
14883156
14885504
14888761
14890999
14893816
14896598
14898636
14900687
14903966
14909256
14915338
14928572
14945965
14970360
14973457
14976706
14979989
14983191
14986498
14989727
14991806
14993856
14998292
15002819
15007205
15009643
15011744
15025303
15028088
15031055
15034361
15037600
15051301
15053999
15056178
15058234
15062950
15076215
15089661
15092611
15094756
15097089
15099524
15101955
15106476
15108903
15111071
15124719
15126853
15128944
15142504
15145113
15147180
15150846
15164077
15166530
15168953
15171396
15173865
15176283
15178720
15181191
15183579
15186095
15199509
15202033
15204196
15206240
15211023
15215135
15228396
15231444
15233786
15235894
15249457
15251769
15254919
15258197
15260946
15263651
15266152
15269149
15271960
15274945
15277405
15280691
15283129
15285685
15288730
15291443
15297330
15299427
15302255
15305689
15308206
15311304
15314499
15316899
15320268
15322762
15327462
15332677
15336773
15339506
15342131
15344514
15347039
15349595
15353061
15366304
15369610
15371771
15374653
15377459
15379922
15382379
15384756
15386866
15400407
15403178
15405514
15407573
15420913
15423594
15426087
15429304
15431822
15435518
15441121
15444813
15447195
15449342
15459883
15462668
15465619
15469533
15483066
15485736
15488534
15490609
15504033
15517308
15519759
15522111
15525347
15528603
15542037
15544576
15557936
15560217
15563410
15565718
15568454
15580568
15593945
15597170
15599712
15613255
15626639
15629214
15631562
15634360
15637637
15640914
15643429
15657034
15659136
15672674
15674843
15676960
15681432
15686269
15688307
15690433
15692595
15699337
15705364
15707440
15721116
15723998
15726046
15729331
15731663
15737643
15739965
15742528
15745995
15750499
15753688
15761136
15766018
15769082
15771589
15775111
15777494
15781546
15784396
15790109
15803301
15816667
15832996
15835664
15838249
15840598
15843166
15845569
15848027
15850420
15852896
15855694
15858178
15860608
15863109
15865472
15869186
15871638
15874121
15876543
15879236
15881368
15884700
15898383
15901686
15904115
15917602
15920060
15922516
15924944
15928184
15930617
15933398
15935910
15938404
15941163
15943677
15946498
15948955
15951399
15954191
15956661
15959531
15961948
15964356
15966797
15969646
15972523
15975338
15978131
15980725
15983495
15985901
15988712
15990789
15994475
15996925
15999762
16002184
16005398
16008327
16013550
16018847
16021327
16024229
16026633
16029891
16033176
16038391
16041684
16044111
16046923
16049861
16052265
16054738
16057514
16061174
16066031
16079511
16082049
16084351
16086781
16089225
16091765
16097309
16101833
16103913
16118483
16120531
16131564
16134020
16136483
16138924
16142927
16145485
16149009
16156429
16160370
16173900
16176718
16190182
16192707
16195102
16201483
16204066
16209992
16212316
16215605
16218224
16231707
16234777
16237905
16239972
16242053
16246853
16248929
16262408
16264644
16267011
16270359
16281347
16284553
16295561
16304828
16310962
16317400
16322021
16330970
16336589
16340269
16345887
16359369
16361592
16363854
16366072
16375417
16377537
16391170
16394491
16397634
16400822
16404144
16407430
16410665
16413921
16417190
16419572
16423266
16436971
16439761
16442075
16444264
16446361
16459931
16462726
16476269
16489749
16491874
16495740
16498903
16502284
16505444
16507707
16510206
16513851
16516093
16519517
16522519
16536078
16547284
16560734
16563399
16576684
16580178
16582939
16585028
16598465
16601255
16603740
16605860
16608101
16621429
16634829
16638137
16641236
16644192
16652196
16655850
16669349
16672169
16675505
16677600
16685527
16687662
16701094
16703611
16717296
16720502
16722831
16724967
16727088
16740620
16743214
16745338
16747663
16750110
16752512
16766183
16783245
16802809
16805539
16807579
16809862
16812346
16814684
16828442
16830675
16833030
16835185
16848864
16862294
16865592
16869242
16871616
16874951
16877256
16880635
16888289
16891567
16894851
16901269
16904628
16907868
16911509
16925248
16931632
16933743
16935993
16938093
16940283
16945881
16948024
16961671
16985965
16999400
17002130
17004888
17007202
17009699
17012557
17026214
17029095
17031981
17034428
17037973
17051485
17054485
17056644
17058876
17061059
17074757
17076879
17078929
17092630
17095823
17098801
17105946
17108465
17115687
17124187
17130198
17136437
17140271
17142961
17145619
17149902
17155396
17160777
17164481
17169983
17173670
17180186
17183184
17186196
17199934
17202135
17204350
17206658
17220341
17248387
17251753
17255313
17261807
17264264
17267439
17270782
17274153
17277719
17282659
17286261
17289937
17295607
17299282
17304422
17309506
17312712
17320457
17326901
17330207
17337124
17340752
17343195
17345652
17348945
17355105
17359809
17364377
17370411
17375711
17379401
17383811
17397284
17410734
17412914
17415008
17418967
17423526
17425581
17429960
17436121
17442348
17446753
17449161
17451277
17458494
17460961
17463127
17469064
17475993
17478351
17492067
17494548
17510404
17512569
17515586
17517630
17531232
17533595
17537250
17540561
17545849
17548260
17551567
17565249
17575259
17578939
17581215
17583423
17585722
17589204
17591402
17593825
17596844
17599328
17602527
17616231
17619484
17622750
17626329
17629675
17636113
17639805
17646322
17649685
17653188
17656535
17659796
17663012
17666553
17669121
17677267
17684123
17687402
17701150
17714706
17741875
17745164
17748410
17750853
17754058
17757306
17760597
17766251
17771661
17776878
17782053
17787100
17800610
17858575
17862263
17865548
17867617
17870901
17875644
17889208
17892253
17895757
17901759
17915211
17917451
17919512
17921880
17926368
17928437
17932103
17934419
17939034
17941529
17944257
17946402
17959989
17962088
17964183
17977798
17980014
17982142
17995734
17999173
18001270
18003335
18016910
18019742
18022517
18025135
18027196
18029524
18043002
18062829
18066188
18069425
18083115
18086603
18088753
18092389
18094489
18096728
18098940
18101247
18108220
18112735
18115552
18117919
18120138
18125343
18127741
18132223
18134507
18148010
18179975
18193443
18196068
18198125
18200237
18204725
18209143
18211269
18215619
18220499
18222595
18234735
18239216
18241279
18246142
18248341
18259546
18261631
18266056
18268215
18280668
18282857
18286845
18289202
18295371
18297433
18301845
18303938
18315677
18321871
18325515
18327754
18329922
18332074
18334417
18344988
18347054
18355551
18357648
18359964
18362117
18364417
18369411
18371506
18377991
18382906
18385056
18389036
18391324
18395886
18398319
18400475
18406011
18408130
18410441
18412596
18414855
18421534
18423631
18429718
18433783
18443426
18449592
18453232
18455637
18457748
18459830
18462263
18475868
18478041
18481878
18490893
18496274
18502117
18505980
18514708
18516837
18520435
18522933
18532096
18537788
18540155
18542322
18545783
18548929
18551008
18554502
18556937
18560189
18573880
18585369
18592511
18595928
18599073
18601445
18603863
18606741
18620263
18622428
18624594
18629890
18634302
18636682
18644790
18646880
18657403
18667590
18671992
18674137
18678255
18680388
18685087
18690446
18695688
18709379
18726777
18731129
18735886
18739836
18742103
18746593
18748908
18751076
18764698
18767079
18770355
18773681
18776059
18779453
18782627
18785828
18789118
18792373
18795622
18798874
18802446
18807720
18811074
18824794
18832946
18836351
18842231
18855725
18859462
18862775
18867691
18872436
18877736
18882239
18886283
18889927
18894549
18898386
18903766
18909478
18913207
18917975
18922960
18926483
18931116
18934673
18939603
18944824
18948167
18953160
18958299
18961615
18965189
18971282
18977505
18980786
18987320
18990872
18994133
18999075
19004046
19010796
19014027
19017411
19020946
19024305
19032812
19038004
19041036
19044581
19051926
19058526
19064513
19068254
19081985
19084284
19086692
19088763
19093584
19101751
19115067
19118049
19121258
19124777
19127224
19129495
19132832
19146287
19149173
19164135
19166849
19169802
19183374
19200426
19203734
19206964
19210193
19213535
19217045
19222044
19225282
19231017
19234238
19239115
19243977
19247699
19252848
19255827
19259087
19262294
19264703
19267972
19273575
19276905
19280250
19284162
19288750
19294380
19297378
19300620
19303016
19306267
19309581
19312800
19316042
19321314
19328673
19342135
19344506
19348150
19351489
19354722
19357986
19363204
19368556
19371825
19377194
19379485
19385620
19387998
19391242
19393728
19396646
19399842
19405121
19411973
19416870
19420892
19424683
19429521
19434877
19437271
19440880
19446325
19452353
19455692
19459289
19464178
19469047
19473901
19477108
19480505
19484054
19487367
19492268
19497190
19502275
19505702
19510882
19514653
19520715
19524342
19529578
19533363
19536920
19541995
19546666
19549160
19553650
19557260
19570861
19572959
19575279
19577470
19583493
19585550
19587786
19601608
19615062
19623779
19628308
19634776
19640808
19646590
19652622
19657471
19664865
19666963
19669372
19678001
19682778
19685162
19689712
19691841
19698111
19700620
19702682
19707101
19709275
19711683
19717449
19722267
19727135
19729926
19732033
19734369
19738979
19741350
19743750
19748338
19753124
19755582
19760077
19762139
19764238
19766276
19771479
19773831
19776029
19778069
19791718
19817526
19831016
19856182
19859410
19861743
19863898
19865965
19876293
19883442
19888607
19890776
19893050
19895256
19897495
19899846
19906945
19909077
19912931
19915150
19926448
19939808
19942570
19947539
19953611
19959296
19966348
19968836
19970913
19973093
19978696
19982036
19987662
19992238
19998430
20005745
20008724
20011947
20015055
20017862
20020393
20022800
20026607
20031378
20037996
20045529
20048960
20051459
20053590
20056603
20058933
20062076
20075710
20077770
20079851
20091206
20098124
20100218
20102276
20109169
20113541
20127052
20129656
20132521
20146027
20149190
20162694
20165859
20169160
20172766
20176115
20179210
20185346
20188697
20192265
20195618
20199109
20202535
20204937
20208222
20211420
20214674
20217935
20226946
20229783
20232064
20235451
20238748
20241571
20244784
20247230
20250515
20254034
20259025
20264391
20269100
20275247
20288745
20291338
20293776
20295874
20298008
20303581
20305941
20308047
20310148
20315337
20317774
20322606
20326005
20338548
20344537
20346991
20349457
20351654
20360906
20366175
20368244
20370630
20372970
20386726
20391825
20398439
20404765
20408334
20411259
20413582
20417026
20419285
20421483
20435092
20437763
20439848
20442187
20444413
20449672
20454455
20459370
20462221
20464321
20466583
20469064
20474007
20477214
20479302
20481739
20483829
20491022
20497216
20510490
20513371
20527025
20540483
20542702
20556411
20559825
20573426
20576508
20578581
20580921
20583068
20596711
20598771
20600982
20603351
20617064
20620537
20623611
20627079
20630419
20633665
20636917
20640069
20643439
20646585
20651892
20655197
20658477
20661776
20664177
20667393
20675171
20682930
20687780
20691441
20705115
20708296
20710769
20713051
20715194
20717575
20723810
20726208
20728484
20733518
20735561
20739754
20744116
20750211
20752686
20755102
20757176
20761514
20763613
20768165
20770453
20781173
20787225
20793734
20796094
20809684
20814511
20820257
20826309
20828349
20834861
20837254
20839409
20841514
20848988
20851112
20853444
20858312
20860735
20862922
20876568
20879807
20882217
20885523
20892304
20895659
20903429
20907813
20914819
20917214
20920167
20923361
20931832
20934313
20937195
20939562
20943179
20946455
20951417
20955050
20959881
20963526
20975036
20987120
20994963
20997793
21000661
21003548
21005892
21009144
21011585
21014914
21017374
21020980
21026594
21040456
21069357
21082791
21085693
21088066
21090610
21093422
21095887
21098698
21101126
21104432
21109963
21123446
21125978
21129134
21131454
21134589
21137521
21140402
21143155
21145856
21149293
21152643
21154862
21158265
21161813
21164505
21166541
21169606
21172354
21174929
21188517
21191812
21195133
21208605
21211489
21213870
21216345
21219095
21221920
21224049
21227718
21241110
21246976
21250281
21253507
21255620
21258362
21260401
21274051
21278878
21295616
21301535
21314764
21331456
21334673
21337404
21340703
21344168
21346577
21348825
21351279
21354874
21356962
21360380
21363645
21368282
21373901
21377046
21379445
21382417
21395999
21422115
21435592
21438610
21441597
21444682
21447155
21449517
21451711
21453789
21458209
21460579
21462712
21476407
21489706
21492216
21498078
21503050
21508323
21510480
21513132
21516617
21520209
21522758
21525046
21531005
21535599
21540379
21542675
21556328
21559024
21561464
21563569
21565692
21572461
21574583
21576979
21581843
21583977
21597614
21601176
21603678
21607248
21620756
21634174
21636598
21640268
21643522
21656958
21659739
21662660
21676374
21689801
21692465
21694540
21696614
21710182
21723602
21726482
21729765
21743163
21746507
21749627
21763350
21765415
21768706
21771250
21784897
21787595
21789702
21791777
21796238
21809535
21811604
21816159
21829402
21834059
21847325
21860661
21863306
21866540
21868606
21870691
21884265
21897663
21911094
21914156
21916208
21918254
21923095
21927173
21929233
21935821
21942065
21946766
21958040
21971373
21984708
21987843
21991056
21993882
21996006
21998184
22005673
22012983
22016697
22021182
22025533
22027687
22041297
22043589
22046698
22059934
22062629
22064717
22069513
22074066
22087440
22090080
22092982
22095362
22098282
22100690
22103096
22106381
22109694
22112959
22118077
22122937
22128741
22142179
22145021
22147494
22150760
22153999
22157204
22160456
22174184
22180046
22185812
22199160
22201570
22204284
22210293
22212876
22215875
22219013
22222269
22225570
22227877
22230131
22232917
22235404
22238616
22241622
22244110
22247451
22250691
22254803
22268262
22270319
22279048
22281857
22284854
22288562
22302056
22304277
22306335
22320025
22323296
22325806
22327856
22330921
22344494
22346568
22348665
22353097
22355472
22357571
22371197
22374298
22376356
22378653
22383138
22396450
22399226
22412805
22415536
22418452
22422095
22424157
22436291
22449733
22456775
22459921
22465006
22478472
22481095
22483962
22486372
22489981
22503427
22506544
22510974
22524272
22537598
22542951
22546009
22548278
22550359
22554059
22561004
22566081
22571526
22575530
22579231
22581311
22584233
22597790
22613977
22624489
22626861
22629733
22631805
22635889
22638429
22641179
22643908
22648626
22652124
22655449
22658150
22661098
22666615
22670224
22672302
22674522
22688153
22690418
22692502
22698433
22700973
22703874
22706498
22709377
22711517
22715165
22717777
22723372
22725688
22736740
22739461
22741892
22744346
22747866
22750575
22753710
22758625
22765685
22769576
22774120
22780011
22783903
22789737
22792283
22798381
22805047
22807996
22813569
22816160
22818481
22822343
22825779
22829573
22836852
22839946
22842137
22844972
22847705
22858762
22865730
22867906
22870217
22873643
22876500
22879404
22881690
22883994
22887816
22889958
22893638
22899227
22902518
22905947
22916980
22919342
22924268
22928966
22931034
22933384
22936860
22939977
22943449
22945885
22948365
22951979
22954707
22958984
22962521
22966278
22972075
22976896
22983272
22993549
22998994
23001901
23004506
23007320
23010523
23013615
23016255
23021483
23023649
23026094
23028994
23031525
23033691
23037063
23040085
23045463
23049472
23052058
23058145
23060345
23064155
23069727
23075637
23078136
23081339
23083427
23087167
23089518
23092965
23095128
23097723
23099773
23109484
23114687
23117134
23120700
23122979
23134668
23140070
23153589
23167102
23169626
23183331
23186412
23188498
23190585
23202240
23211282
23224528
23237898
23240017
23253452
23256782
23260057
23262992
23266095
23269090
23271806
23273902
23278421
23280795
23294412
23307838
23310719
23313501
23316052
23318463
23320935
23323325
23325781
23329091
23331471
23334737
23338009
23341347
23344531
23347712
23351067
23364574
23367720
23381436
23384476
23387566
23393620
23395828
23399004
23402331
23405597
23409247
23414078
23424995
23429964
23436527
23438886
23441335
23444651
23447952
23451136
23453953
23457522
23462003
23464072
23467042
23470250
23473094
23477591
23484467
23488071
23490559
23505576
23507642
23510953
23513362
23517000
23519919
23523139
23536909
23550368
23563773
23580383
23582919
23585377
23588258
23591129
23593495
23596823
23599627
23602853
23606152
23609304
23614636
23618699
23632206
23635428
23638727
23641917
23645220
23648539
23652012
23655278
23658639
23663399
23665504
23668786
23672078
23675362
23678579
23682205
23687082
23691921
23695522
23699743
23703202
23705402
23708695
23711117
23714357
23717664
23722416
23724569
23727746
23730309
23733166
23736308
23739599
23743267
23747141
23753819
23757522
23763606
23768896
23772257
23775424
23789170
23792143
23794619
23796849
23801383
23814843
23828292
23830366
23833994
23837233
23840536
23843782
23846661
23849918
23855538
23869021
23871160
23879403
23882397
23888398
23891594
23893803
23897385
23899683
23902174
23905128
23908297
23911142
23915470
23920747
23924080
23926375
23928502
23930670
23934422
23941046
23947096
23949269
23952748
23955343
23957861
23960716
23974053
23976171
23978295
23988440
23992154
24000650
24004307
24006475
24009181
24016504
24021340
24023458
24030020
24033566
24035671
24037949
24040072
24042224
24046594
24048989
24051139
24053493
24055817
24060068
24062243
24068279
24074241
24076704
24079158
24081393
24086908
24091778
24093919
24096166
24098311
24100398
24106411
24108513
24110661
24112980
24115092
24121532
24123614
24128442
24130538
24144156
24157585
24159999
24163391
24165912
24169312
24171998
24174968
24181137
24186390
24191841
24194470
24201470
24204737
24207464
24212842
24215466
24218189
24220353
24223869
24226349
24228935
24232313
24234847
24237290
24251040
24254132
24256192
24259709
24262737
24266135
24281581
24285967
24291684
24294482
24296600
24298869
24302996
24305456
24307643
24319379
24325297
24327897
24330406
24332736
24335147
24337239
24342101
24355376
24376871
24379575
24382365
24384461
24387314
24390098
24392252
24394497
24397925
24405213
24409313
24411415
24416665
24421090
24423463
24425598
24439198
24452605
24454723
24468134
24470181
24483567
24486183
24489090
24502561
24504748
24507839
24522013
24524331
24536169
24539606
24542726
24545371
24548006
24550561
24553369
24556058
24564734
24567192
24569697
24572769
24575041
24577334
24580138
24582896
24585883
24588740
24593712
24599665
24602905
24605436
24619065
24640939
24656791
24659997
24673531
24678252
24680376
24684727
24686787
24688879
24696431
24698884
24700967
24706736
24708781
24716041
24718434
24720576
24722923
24727517
24731937
24734352
24740818
24742920
24744967
24749407
24751801
24753924
24767538
24769902
24776751
24790259
24807409
24820857
24835506
24838656
24843499
24856937
24859690
24862378
24864963
24867640
24870155
24873377
24875894
24881079
24883917
24886707
24888805
24891694
24894914
24896957
24900152
24903163
24916896
24930303
24943709
24946472
24948682
24951462
24953971
24958446
24965355
24968606
24971466
24974684
24977951
24982810
24985742
24989348
25002812
25005651
25008522
25021990
25038930
25063368
25080462
25083251
25085846
25088638
25091149
25093533
25096771
25100040
25103305
25106561
25109753
25112981
25116279
25119531
25122804
25126079
25139873
25146896
25148958
25151602
25154129
25157715
25164715
25172257
25177618
25182324
25192777
25198003
25201896
25208829
25222220
25225336
25228708
25240481
25243702
25257478
25270953
25273787
25277060
25280633
25283997
25286495
25291769
25294579
25299821
25305141
25308396
25311761
25314978
25318238
25321410
25324806
25328282
25331572
25334472
25337780
25340583
25343855
25347389
25350334
25353592
25357210
25360541
25374259
25377545
25380927
25383270
25386210
25389352
25392582
25406399
25409491
25411533
25414700
25416896
25419160
25424175
25426862
25429687
25433149
25436296
25441702
25444652
25447256
25453205
25455832
25458748
25461050
25474757
25488269
25508540
25511380
25514000
25517219
25519688
25521999
25524175
25527549
25530787
25533199
25537753
25551393
25554973
25568490
25571003
25573467
25575926
25578036
25582876
25588431
25591741
25595431
25597526
25600581
25602651
25605983
25610196
25623661
25626558
25629932
25633116
25636487
25642875
25645835
25649048
25652362
25655550
25658861
25662052
25665379
25668217
25670606
25673492
25687128
25690079
25703675
25706692
25712081
25714637
25716714
25721253
25728087
25730882
25734281
25747889
25751202
25754480
25757797
25760572
25764560
25778014
25792280
25828052
25830619
25833385
25836287
25845947
25850147
25852524
25855777
25869490
25872793
25877772
25880240
25883464
25887180
25890688
25892777
25895996
25899342
25909943
25915173
25918556
25928242
25931758
25935533
25940472
25954092
25957582
25964445
25971825
25977522
25980359
25983612
25986863
25990110
25993414
26007137
26010065
26012949
26015341
26018572
26021894
26025539
26033191
26046654
26048863
26051052
26055377
26057469
26071075
26073298
26075662
26077889
26083162
26086409
26088760
26090891
26093204
26098121
26103852
26109656
26115607
26121327
26125822
26139386
26142478
26145425
26149798
26154351
26160435
26164177
26166219
26168314
26174245
26176378
26189994
26192949
26195104
26198307
26201095
26203530
26205725
26209236
26211721
26214080
26216215
26220594
26222779
26228382
26232921
26236963
26250505
26267566
26284284
26301364
26303884
26306777
26309565
26312057
26314466
26318120
26321453
26324677
26327825
26331085
26337227
26342450
26345823
26349089
26356774
26360051
26373801
26399811
26425026
26430616
26436741
26439139
26445655
26448108
26450908
26453127
26455405
26459885
26462334
26468500
26470572
26477049
26479140
26492910
26495133
26498765
26502031
26504960
26508152
26521955
26524667
26526958
26529769
26532745
26535580
26538566
26542002
26545091
26548465
26551899
26554662
26558134
26560399
26562482
26569072
26580564
26593849
26598776
26601005
26603736
26606160
26608752
26611349
26613735
26616277
26618648
26632261
26650981
26668043
26681512
26683677
26685846
26691544
26693862
26696097
26699561
26701730
26703837
26706058
26708230
26720671
26723160
26725291
26729632
26732104
26734259
26742717
26751754
26754159
26760268
26763121
26765214
26767457
26769621
26780571
26785506
26787546
26789724
26791956
26796121
26798481
26800586
26804978
26807269
26809424
26815637
26817699
26823678
26828147
26830337
26833936
26836057
26838325
26840541
26842839
26850302
26852356
26856686
26859092
26863158
26865344
26867538
26869686
26871831
26885491
26899087
26901750
26904192
26906506
26911463
26914930
26917539
26920937
26923845
26929405
26931883
26934245
26937042
26950761
26954163
26957488
26971141
26974487
26989653
26992414
26994939
26997307
27000208
27013900
27016692
27019420
27021534
27023605
27029635
27042906
27045675
27048157
27051059
27053480
27056352
27059564
27064427
27066938
27069807
27083214
27096612
27098706
27112070
27129142
27131793
27133838
27138823
27142422
27144869
27146956
27149244
27162939
27181673
27184717
27187157
27189226
27193782
27207329
27210576
27213840
27217409
27220788
27223234
27226024
27229307
27232587
27235834
27239110
27242340
27245280
27248857
27262330
27279223
27284234
27297724
27299913
27302002
27305637
27307985
27310101
27312217
27325815
27329040
27332266
27335632
27349320
27351605
27353652
27367265
27369480
27371593
27375982
27378137
27382088
27384253
27388776
27391088
27394794
27396891
27398953
27401191
27403366
27416965
27419293
27421641
27424207
27427644
27437501
27439691
27441859
27452666
27456313
27461863
27464206
27466636
27468787
27472474
27474726
27481381
27484553
27486969
27489406
27502966
27505103
27507533
27509933
27512055
27525794
27528923
27534236
27537091
27539930
27542357
27544787
27547637
27550512
27553767
27558615
27561089
27564729
27568044
27571618
27573667
27576650
27579845
27583416
27586766
27600528
27602699
27605529
27608495
27610615
27613237
27616669
27630249
27633077
27636377
27638812
27642190
27645695
27648754
27651593
27654374
27662392
27669266
27673523
27686809
27689518
27691887
27705265
27708591
27711823
27713892
27727258
27729754
27731812
27733922
27739605
27744842
27758100
27775906
27778838
27781224
27783715
27787216
27789664
27796251
27809741
27812215
27815042
27819887
27823928
27829224
27831771
27834544
27837891
27841178
27844410
27848071
27861708
27867375
27869942
27875401
27878814
27882156
27884272
27886731
27889542
27892582
27895244
27898501
27901098
27903739
27908630
27910785
27914943
27920519
27933840
27936537
27938581
27951913
27954270
27957525
27960012
27962374
27964817
27967688
27970498
27972962
27975858
27978692
27981490
27984343
27986735
27989296
27992060
27994555
27997379
28000184
28013766
28030298
28033778
28035818
28047194
28060432
28062601
28066312
28069733
28073129
28077281
28090558
28093240
28095993
28109357
28112245
28114918
28117421
28119661
28122662
28125227
28128754
28131382
28137839
28140053
28143377
28157020
28170339
28172423
28185844
28188516
28190829
28204251
28219048
28221344
28223383
28236802
28251656
28254333
28257538
28260792
28262870
28268571
28271826
28273866
28287371
28289683
28292069
28295079
28297444
28300299
28302520
28305228
28308701
28312252
28315092
28328671
28332043
28334422
28336550
28338898
28346368
28352395
28365659
28369082
28371633
28373902
28376040
28380903
28385301
28387437
28393472
28395612
28401284
28405366
28419039
28435569
28453124
28456013
28459300
28462550
28464898
28468204
28471434
28481111
28494552
28496682
28499569
28502791
28506008
28519563
28521870
28524768
28527485
28530635
28532877
28535752
28537918
28541173
28543388
28545489
28549299
28558264
28562881
28565117
28567476
28574724
28578060
28580507
28583267
28585884
28599623
28601878
28615469
28632994
28636081
28638163
28640479
28642581
28656198
28659024
28662275
28665546
28668877
28678261
28681403
28695107
28701048
28714378
28717141
28730655
28744065
28748690
28751341
28764769
28783528
28786592
28789614
28791975
28795273
28797844
28800139
28803156
28806390
28808878
28812107
28814755
28817473
28819581
28822340
28830448
28834743
28837143
28850666
28854028
28857636
28860130
28863038
28865449
28867862
28870376
28873970
28876441
28878834
28880901
28894324
28897382
28900228
28902333
28904596
28918185
29036777
29052653
29055510
29058837
29061487
29064144
29067853
29074070
29079740
29087077
29091935
29094100
29100574
29104779
29107026
29114423
29116724
29119744
29122308
29125196
29128743
29136493
29150000
29156570
29159399
29162076
29164257
29166598
29169417
29176868
29179873
29182262
29185204
29187432
29190906
29193389
29196593
29199267
29202150
29204924
29207865
29213351
29218792
29221245
29223825
29230810
29234646
29246698
29252285
29265899
29268961
29271097
29273837
29275929
29282566
29295999
29298268
29300385
29302479
29316043
29318577
29321603
29324480
29330813
29333634
29336147
29338187
29341688
29343940
29346014
29351167
29364570
29379060
29381662
29391880
29397668
29403648
29409593
29422957
29425581
29428315
29430929
29434057
29436545
29439746
29442191
29445071
29447826
29450782
29453146
29456424
29459775
29469962
29472753
29476055
29478855
29492558
29496233
29509725
29523106
29525974
29528540
29530947
29533340
29537055
29539492
29541937
29555406
29557523
29570926
29572990
29575416
29582880
29585436
29588566
29590847
29593759
29595982
29598129
29600765
29604052
29619539
29622745
29625901
29628772
29630838
29632995
29646528
29669613
29672761
29674802
29678259
29681451
29694931
29697808
29700197
29703839
29707465
29709634
29714775
29718530
29732090
29745435
29747997
29750163
29752381
29759464
29769121
29774944
29780567
29783053
29785127
29791583
29793937
29796552
29798810
29800947
29814527
29817003
29820282
29826352
29828833
29839006
29844655
29847071
29849963
29852841
29855697
29858055
29860968
29863837
29866269
29869508
29875141
29880927
29884645
29888249
29893519
29897097
29901667
29904048
29908170
29912675
29916419
29919992
29923596
29927649
29931179
29937076
29944022
29947668
29954119
29956618
29958967
29961916
29965159
29974087
29978962
29982621
29986182
29991652
29995309
29999269
30007139
30010023
30012321
30015666
30018791
30022587
30024927
30028242
30031778
30035127
30047819
30053333
30055439
30058739
30063621
30065678
30068952
30072164
30075383
30078655
30081119
30084024
30086422
30089671
30095380
30099034
30102710
30106321
30119850
30122410
30124518
30126632
30131075
30133398
30138223
30140370
30154031
30156373
30160075
30162379
30165337
30168310
30171334
30176781
30181635
30187102
30200721
30214155
30217284
30220143
30223005
30225775
30228649
30231483
30233610
30235952
30238130
30251647
30254060
30257351
30260215
30262640
30276431
30279742
30288751
30291536
30294142
30307491
30310528
30313694
30316117
30318168
30331502
30334739
30337742
30340950
30343916
30346770
30349561
30352448
30355611
30358052
30360115
30373590
30390352
30393084
30395966
30398108
30401536
30404142
30407243
30409282
30422628
30425131
30438533
30440958
30443339
30445817
30449087
30451422
30453483
30456762
30459733
30462924
30470882
30473899
30480321
30482384
30485347
30487755
30491007
30494249
30504068
30507339
30510919
30514200
30516658
30519443
30522717
30525570
30528790
30532090
30535275
30538576
30541860
30545219
30548691
30552017
30554868
30558115
30561408
30568344
30571585
30574860
30578087
30580967
30584163
30587438
30590801
30594034
30597287
30600869
30607306
30612303
30615917
30619257
30632959
30673692
30675923
30678631
30680903
30684357
30686804
30689696
30696520
30705115
30708832
30711121
30714289
30717433
30731112
30733976
30747477
30750541
30752676
30754779
30768236
30771321
30774140
30776943
30779805
30782926
30785772
30788706
30791909
30794338
30796381
30799675
30804622
30818119
30820959
30823120
30825589
30827950
30830482
30833602
30836979
30840463
30843144
30846638
30849258
30855328
30858189
30860637
30864165
30866684
30869484
30872363
30875662
30878038
30880524
30883775
30897216
30899925
30903309
30905802
30908154
30910195
30914698
30916734
30923689
30926144
30928941
30931357
30933831
30936269
30939166
30943113
30956508
30959184
30961964
30965509
30968794
30971230
30973687
30976578
30979370
30982216
30985088
30987578
31001301
31004765
31007632
31010497
31013819
31017050
31031934
31057868
31060249
31062734
31065668
31069746
31075678
31080418
31085444
31091524
31093890
31096013
31099552
31112879
31127570
31144565
31150529
31153879
31157344
31160322
31163639
31166826
31170118
31173277
31176541
31179815
31183082
31185935
31188034
31190134
31203627
31206654
31209640
31212074
31225551
31228123
31230950
31233345
31235872
31238285
31251939
31255140
31257491
31259631
31265322
31278580
31281323
31283843
31286348
31289559
31303244
31306162
31309021
31312329
31315639
31318449
31331942
31351743
31354602
31357972
31360327
31364052
31366460
31368939
31382394
31385874
31399299
31412712
31415890
31423242
31436515
31451058
31453537
31456043
31458408
31461667
31464083
31466543
31470254
31472701
31477655
31485262
31487754
31491373
31504802
31522231
31525605
31529252
31534821
31538965
31542593
31548370
31550852
31554498
31557988
31560942
31563855
31566246
31573207
31575683
31578104
31580570
31582922
31586184
31589400
31592743
31595135
31597537
31601595
31615109
31617564
31623293
31626792
31629399
31631811
31639142
31641188
31646455
31650107
31652910
31654966
31658234
31671689
31685055
31698520
31700753
31703312
31707111
31712225
31714834
31720116
31722166
31726956
31729094
31736710
31740019
31742111
31745755
31749299
31751629
31756980
31759112
31762652
31764834
31768155
31770217
31772290
31776751
31782925
31785058
31787525
31801205
31803275
31805386
31818999
31821507
31834864
31837485
31840759
31843640
31846485
31848557
31850646
31864201
31867542
31871446
31874669
31888513
31894515
31898177
31900348
31902981
31905141
31907218
31914501
31920504
31922979
31925097
31932402
31934443
31948014
31977234
31994828
32012241
32014617
32017340
32030632
32045335
32058696
32061721
32063939
32066948
32069041
32072002
32074855
32076978
32090504
32093497
32096426
32099523
32101662
32103715
32117320
32119956
32122050
32124121
32128946
32132979
32137420
32141628
32143680
32153330
32155419
32157561
32159865
32162215
32166342
32170893
32173292
32175568
32181332
32185880
32188303
32190510
32192841
32203826
32205893
32207995
32210206
32212427
32218450
32220544
32222659
32224855
32235112
32237239
32242484
32256041
32258342
32260477
32262772
32276472
32279734
32282351
32284830
32287231
32290148
32293370
32295438
32302052
32305932
32311593
32316219
32323563
32333748
32336013
32338182
32349493
32356343
32359655
32363011
32365152
32367686
32370284
32372942
32380631
32383186
32385523
32387876
32401428
32435567
32443181
32447699
32450574
32464129
32477593
32601269
32644794
32647299
32649751
32653107
32655452
32658692
32662031
32665217
32667658
32670088
32673339
32676353
32679534
32682750
32686036
32689586
32692902
32700245
32705852
32719352
32721848
32724234
32726730
32730021
32733321
32736833
32740155
32743362
32746692
32752717
32755987
32759292
32761649
32766616
32769840
32774315
32777945
32791463
32794527
32799537
32812957
32861715
32863957
32866719
32869488
32872056
32875120
32887687
32900908
32914286
32916830
32919842
32922344
32925382
32928045
32930280
32933582
32935718
32939283
32942593
32944740
32947863
32950060
32963538
32966919
32969015
32974418
32987772
32990164
32992240
32994282
33003648
33005703
33014703
33018300
33020369
33022428
33024509
33038117
33040202
33042317
33048388
33050443
33052528
33054773
33061392
33063486
33077071
33079168
33082425
33097818
33103793
33117005
33135251
33148711
33151751
33155021
33157172
33173047
33175577
33177631
33180459
33182890
33185380
33187845
33189896
33203250
33216627
33219245
33221917
33224437
33226834
33229242
33231757
33234630
33237078
33240308
33242790
33245162
33247206
33252951
33255490
33258243
33261411
33263906
33266840
33269212
33272847
33276159
33289824
33293031
33295112
33297360
33301986
33308102
33321297
33334663
33336868
33338991
33352279
33354750
33357154
33359607
33362038
33364890
33368108
33381566
33401449
33414878
33418219
33420595
33423903
33426331
33429980
33443523
33446257
33449535
33451947
33454464
33456924
33459322
33461817
33464270
33466975
33469054
33482478
33485135
33487189
33490458
33493775
33501064
33514267
33516723
33519142
33522411
33524849
33528100
33530879
33533498
33536205
33538707
33541474
33543976
33546760
33548845
33551421
33554557
33557345
33559898
33562348
33564734
33567252
33569636
33572553
33574919
33578601
33591991
33594495
33596902
33599768
33603005
33605058
33608350
33610729
33613990
33617264
33620521
33624967
33628328
33638015
33647831
33651064
33654337
33657612
33664506
33666560
33669770
33673094
33686823
33690222
33703920
33717351
33720631
33722944
33725616
33730328
33735880
33749191
33762585
33764660
33767560
33770376
33772830
33775743
33778923
33782157
33785464
33790337
33792857
33796106
33799279
33802572
33805813
33809076
33812386
33817613
33820882
33824062
33827375
33830719
33838058
33841635
33845671
33851028
33854671
33857201
33860335
33863636
33867223
33870934
33884627
33889142
33891493
33897968
33902152
33915744
33919171
33922720
33928483
33931547
33934258
33936712
33950172
33953634
33956584
33970251
33973346
33976732
33979140
33981881
33984334
33987146
33989803
33991957
33995317
34008948
34011095
34013225
34018825
34024703
34030614
34032771
34038910
34044623
34048984
34051106
34064862
34066904
34069059
34082880
34100856
34114325
34130230
34133474
34138412
34140793
34143748
34146170
34149401
34153039
34156757
34159872
34164889
34168112
34171387
34176227
34179543
34183125
34186429
34189652
34193315
34198242
34202757
34206337
34209706
34212949
34216397
34219400
34223058
34236740
34250182
34252953
34255045
34257367
34259541
34273093
34275576
34278024
34281387
34295018
34297099
34300684
34302887
34305093
34309017
34322672
34325225
34327708
34330926
34334159
34337404
34340650
34343938
34346846
34350051
34353305
34356688
34359038
34362280
34365525
34368428
34371569
34376878
34382656
34385766
34390765
34394021
34397265
34400612
34414330
34420067
34425205
34430524
34434203
34437947
34441594
34455117
34474895
34482150
34489411
34495401
34501196
34503599
34505736
34510195
34512568
34518673
34523272
34526865
34529169
34531369
34533487
34539049
34541472
34543655
34557319
34559418
34561576
34567565
34569893
34583618
34619826
34656421
34712630
34714724
34718314
34721208
34724410
34727504
34729774
34733126
34738067
34741004
34743217
34746999
34749583
34752004
34755432
34757794
34763166
34771291
34773643
34779042
34784626
34786720
34790133
34793562
34796886
34798998
34802184
34804391
34806787
34809071
34811709
34815497
34817887
34821187
34823299
34825571
34833233
34835813
34843187
34845919
34848355
34851623
34854497
34857454
34860439
34862914
34870210
34872772
34886563
34891839
34897026
34904056
34907604
34910977
34914258
34917849
34921151
34924361
34927652
34933746
34937742
34945159
34949993
34955003
34958514
34972146
34975268
34978553
34992250
35000296
35003910
35011728
35014628
35020369
35025315
35033286
35037222
35042344
35047312
35053265
35055765
35059638
35065128
35067327
35072766
35076763
35080004
35083619
35085827
35088335
35091030
35093670
35100698
35102935
35116029
35119227
35121675
35123786
35129322
35131414
35134494
35136801
35139346
35141954
35144422
35151453
35154972
35159650
35161913
35165305
35179134
35422223
35437710
35538231
35541084
35543561
35547302
35553657
35555741
35559066
35562254
35565577
35573692
35575745
35578997
35584698
35590016
35595938
35599048
35602925
35607219
35610308
35614301
35619474
35625304
35636277
35639226
35642499
35645787
35648961
35652268
35655606
35659010
35672562
35675169
35677266
35679581
35681739
35687003
35689115
35702759
35716211
35718260
35720418
35734023
35736519
35740096
35742983
35745899
35759309
35761879
35763975
35766047
35772488
35778570
35782617
35786830
35792791
35798863
35803809
35817077
35834142
35836560
35839836
35845547
35850448
35853671
35856952
35861817
35875302
35878057
35880827
35884117
35886470
35902086
35904313
35906402
35920026
35923371
35925450
35928782
35942446
35945616
35950568
35953759
35957024
35960299
35963594
35967179
35972182
35977033
35980583
35994167
35996309
35998478
36002872
36016429
36021293
36025156
36038788
36042275
36044645
36046799
36048950
36062496
36064684
36066823
36080400
36082481
36084656
36097286
36104140
36106561
36119909
36123176
36125266
36128628
36130767
36133896
36136523
36139255
36142094
36146471
36160079
36181631
36184169
36186958
36189308
36192239
36196957
36201584
36214994
36218451
36220885
36225858
36242736
36245301
36250007
36254870
36256958
36259369
36261722
36264289
36266945
36273251
36275710
36280562
36286970
36293556
36296289
36298388
36301234
36303999
36306653
36309092
36315111
36317472
36320233
36322576
36324664
36338078
36341622
36344006
36347556
36350907
36354134
36356596
36358977
36362287
36364440
36366672
36369945
36373028
36375244
36377933
36380081
36383851
36397398
36410850
36413539
36415599
36419221
36421353
36424520
36426566
36428895
36433878
36438755
36452105
36454843
36457421
36460254
36463060
36466235
36468288
36471143
36473676
36476453
36479734
36482266
36485411
36488664
36491177
36493963
36496748
36500035
36503319
36506567
36509906
36513231
36516004
36532047
36534343
36537561
36540909
36544153
36547723
36561378
36563947
36566857
36570115
36573350
36576621
36579869
36584786
36588045
36591222
36594518
36598126
36611791
36614444
36618538
36620990
36624230
36637934
36651412
36654558
36656945
36659116
36661307
36665524
36667665
36681223
36703962
36719810
36733214
36735792
36738620
36752046
36766630
36768807
36771239
36774078
36777301
36779802
36782624
36785497
36787881
36790724
36793641
36796029
36799260
36802030
36804973
36807805
36810606
36813551
36816383
36819283
36821764
36825318
36828195
36831003
36833941
36847562
36850122
36852228
36854678
36857129
36859512
36864401
36866916
36869440
36871714
36875386
36877447
36880710
36883965
36897378
36899901
36902654
36905170
36908426
36910837
36913251
36926309
36928719
36930759
36933660
36936513
36939265
36941935
36944596
36947085
36960754
36974089
36977337
36980549
36983116
36985937
36988361
36991197
36993246
36996535
36998705
37012207
37015017
37028770
37031254
37034227
37047757
37052300
37054873
37068381
37081778
37085136
37088298
37091094
37093490
37096656
37099282
37102312
37105400
37108021
37121398
37225479
37256028
37258693
37260763
37262808
37276396
37279227
37282546
37285861
37288243
37291553
37294331
37297617
37299980
37303701
37307003
37309878
37314740
37318360
37323644
37337086
37339577
37342389
37355830
37358796
37360881
37362920
37368326
37371074
37373563
37376380
37378857
37381238
37384867
37386983
37389041
37401588
37414902
37417825
37421028
37423301
37428246
37431851
37434066
37437183
37440363
37453911
37455985
37458124
37460631
37467299
37478655
37492077
37507715
37510105
37512559
37515412
37518208
37523228
37526764
37540250
37549655
37556201
37561137
37565118
37570496
37572801
37575077
37577679
37580142
37582891
37586547
37589789
37592864
37595210
37598946
37600999
37604219
37609304
37624733
37626846
37629079
37631819
37634374
37636898
37639846
37644336
37651251
37653379
37656745
37660007
37662481
37676143
37689600
37692982
37695971
37698847
37701592
37703696
37705770
37719322
37722464
37724513
37728179
37741681
37758756
37762218
37765029
37767441
37770740
37773355
37775396
37778232
37781489
37786783
37800562
37802738
37804982
37818292
37821358
37824194
37826232
37839681
37857340
37871964
37888562
37894639
37900674
37904252
37906368
37919691
37922358
37924918
37927386
37940810
37943815
37946381
37949538
37952111
37954472
37956541
37970017
37973123
37975223
37977483
37991162
37993665
37996127
37998974
38001797
38004628
38007156
38009682
38012009
38014892
38017250
38030772
38033367
38036183
38039238
38041864
38044220
38047148
38049352
38059259
38061902
38064901
38067184
38080698
38113287
38116435
38130009
38132122
38135384
38137713
38140190
38153746
38167052
38170070
38172128
38174291
38179142
38192336
38206964
38209205
38220536
38223697
38227736
38231090
38233378
38235474
38242512
38245707
38248674
38253412
38266724
38269855
38272892
38275199
38278846
38281632
38284569
38286652
38288739
38293030
38304579
38310768
38315624
38329221
38358781
38361594
38364529
38367803
38383228
38385636
38388072
38391676
38394203
38397666
38399702
38405494
38411138
38415414
38418834
38421703
38423751
38426754
38429130
38432760
38446248
38465760
38469068
38471577
38474501
38476831
38480122
38483070
38486298
38489856
38493183
38496469
38498842
38502517
38505763
38509052
38511890
38514333
38517877
38521351
38534740
38537559
38539955
38543643
38546945
38550165
38553377
38556697
38560011
38563518
38566252
38569655
38572974
38576567
38579955
38583218
38586387
38589330
38592765
38596096
38599429
38602693
38606324
38609916
38620870
38633634
38638814
38644189
38649784
38655565
38658962
38662561
38676154
38678382
38681643
38695467
38708781
38722277
38725117
38727974
38730872
38744316
38747103
38750138
38752365
38755084
38768681
38771625
38785018
38787689
38801147
38803622
38805679
38808510
38810667
38815450
38828836
38832071
38834420
38836596
38838928
38845074
38858380
38860671
38863278
38866286
38869138
38882564
38884680
38886766
38900182
38902295
38905670
38908434
38910615
38924378
38927657
38940982
38944357
38946789
38950156
38953305
38956642
38959909
38963135
38966006
38969132
38971305
38974378
38977408
38979517
38982609
38984658
38987816
38991112
39004503
39021037
39023588
39025898
39028492
39041953
39044679
39047293
39049668
39052121
39054794
39057334
39061023
39063162
39065546
39068066
39070424
39073292
39075827
39078588
39081449
39084670
39087477
39090016
39092776
39096085
39098842
39101801
39104275
39107111
39120583
39123526
39126724
39128793
39142122
39144878
39147732
39150249
39153001
39155493
39157993
39160757
39163659
39166895
39170149
39173442
39175908
39179152
39182438
39184812
39187298
39189775
39192569
39195853
39198254
39200683
39202762
39208461
39210576
39212892
39226412
39250262
39263681
39277147
39290543
39303971
39314286
39327775
39330413
39333278
39336209
39338532
39341878
39345271
39358735
39372045
39374298
39376963
39380257
39382347
39385285
39388226
39390742
39392980
39396373
39406577
39409147
39412322
39415747
39418163
39420633
39424182
39430759
39434245
39448036
39450391
39452526
39466122
39469018
39482505
39485059
39487406
39489605
39491791
39505601
39510164
39523564
39526324
39539710
39541750
39555119
39557710
39560225
39562974
39565534
39568291
39570961
39573571
39576415
39578918
39581569
39584073
39586636
39590142
39592429
39595955
39598398
39600780
39614532
39617275
39620202
39622275
39624397
39637931
39652616
39654688
39668082
39671381
39674436
39677684
39681134
39684445
39686595
39699926
39713277
39716557
39719840
39722982
39726051
39729229
39732251
39734993
39738022
39740938
39743614
39746611
39749370
39751508
39754406
39757365
39760226
39762425
39765514
39767593
39769640
39783007
39785574
39788113
39790566
39793030
39796316
39798558
39800825
39814219
39816822
39819698
39822107
39824194
39826246
39839792
39846089
39849390
39851932
39855269
39868732
39882133
39885373
39888470
39891722
39894895
39897841
39901091
39904237
39907438
39910503
39913556
39915820
39920732
39934051
39947425
39950636
39952878
39955138
39957405
39970946
39973887
39976265
39978317
39987518
40000961
40004214
40017646
40019723
40033091
40046509
40049958
40053143
40057918
40071550
40084939
40088207
40101447
40114808
40117490
40119970
40122637
40125365
40129196
40142603
40145817
40147921
40161401
40164313
40167502
40171044
40184562
40187323
40190640
40193944
40196597
40210119
40223466
40226086
40239531
40252902
40256034
40272854
40275412
40277825
40280539
40294018
40296701
40310137
40312775
40326214
40339596
40352999
40355788
40359251
40361742
40364511
40377840
40391274
40393640
40401678
40404401
40407371
40409596
40412345
40414631
40428151
40430740
40433514
40436635
40439233
40441760
40447635
40450226
40452885
40466342
40469546
40471594
40473636
40478431
40491780
40495127
40497855
40511271
40525909
40529029
40532161
40534328
40538051
40540152
40543482
40546629
40551709
40554884
40568407
40571384
40584915
40587500
40590130
40592826
40595794
40599320
40601992
40604437
40607224
40620697
40623419
40626334
40629647
40632933
40636149
40639087
40641796
40655155
40657616
40671085
40673666
40687027
40690164
40692877
40695313
40708792
40732992
40746382
40772481
40784877
40798221
40800707
40803307
40805913
40809244
40811648
40814347
40817748
40820244
40833629
40836886
40839058
40841152
40845989
40859238
40862684
40864972
40867164
40871586
40873745
40887122
40890026
40893099
40895308
40897614
40899740
40913351
40926702
40932422
40939787
40947502
40950734
40958534
40972056
40988672
40991267
40993936
40995993
40998867
41002255
41006011
41019363
41032713
41035951
41049397
41052912
41055333
41057480
41060195
41062506
41076127
41089530
41106353
41112233
41116700
41121301
41134714
41144952
41147352
41150003
41156059
41158293
41160396
41166009
41170528
41183789
41185962
41188845
41191693
41193933
41197651
41199890
41201961
41205678
41219250
41222637
41225716
41228614
41230870
41233325
41235830
41238103
41251657
41265093
41268247
41270959
41273207
41286715
41290028
41292135
41294958
41297314
41299490
41312895
41316151
41319421
41332889
41346243
41348640
41351507
41354731
41357926
41371344
41377213
41379329
41381504
41385539
41389089
41391195
41393283
41406959
41410047
41412811
41415361
41417498
41419708
41433196
41435902
41438663
41452141
41469083
41473431
41479771
41481925
41495603
41498930
41502099
41505410
41508687
41511902
41515247
41523291
41528538
41531789
41535372
41538913
41552361
41554479
41556744
41570380
41572457
41574812
41578851
41584129
41590181
41592431
41605937
41608943
41622287
41627547
41629959
41643378
41645902
41648678
41652039
41654892
41658235
41661721
41665083
41678675
41680784
41682929
41696364
41709815
41713140
41715207
41728601
41731322
41744774
41747565
41761189
41776146
41778930
41781839
41795297
41797412
41799736
41802699
41805064
41807423
41809664
41814507
41821864
41827226
41832724
41840931
41843956
41846207
41849096
41851858
41854028
41857746
41860880
41863378
41866072
41868631
41870946
41873109
41876199
41878923
41883848
41886362
41889513
41891590
41894715
41897452
41900806
41903359
41905607
41908360
41911588
41924196
41926554
41929498
41936918
41952696
41956160
41969962
41972136
41974349
41989432
41992904
42006509
42023138
42025801
42028098
42031025
42033827
42037088
42050500
42063870
42066513
42068789
42072163
42085549
42087590
42089729
42103203
42105308
42107567
42114614
42120597
42133986
42136398
42139555
42142517
42145797
42159599
42161739
42163902
42167944
42172256
42174372
42179402
42192909
42206347
42209138
42222624
42225972
42229249
42232049
42234564
42248118
42250179
42253898
42255943
42257993
42262414
42275882
42278190
42281822
42283957
42287266
42289477
42292280
42295705
42298710
42312336
42314518
42316662
42330338
42343930
42347333
42361065
42364789
42367824
42372985
42376409
42381816
42395259
42398229
42411929
42415165
42418407
42420567
42422778
42425184
42438796
42441732
42444851
42447882
42450820
42453621
42456744
42460055
42473620
42476786
42478882
42480931
42494451
42507765
42510635
42513868
42517043
42520373
42523655
42527204
42540801
42557718
42560982
42563888
42566092
42568668
42570957
42584276
42587118
42600583
42603845
42605987
42608108
42621673
42624346
42626535
42628740
42642346
42659187
42661693
42664868
42668219
42671758
42675081
42688567
42704327
42717741
42720795
42724189
42726807
42729131
42739613
42743547
42754844
42760976
42763065
42776784
42780114
42793892
42797291
42800518
42814250
42827710
42829955
42832052
42840131
42842233
42855907
42858021
42860206
42873862
42875990
42879775
42893532
42907115
42910615
42913855
42927362
42930023
42932629
42934915
42937164
42940728
42943613
42946963
42960624
42974092
42987352
42990356
42992398
42997339
42999629
43004138
43008663
43010721
43022124
43026577
43028702
43032816
43038280
43044895
43046996
43049198
43051459
43053554
43066946
43072738
43078370
43083959
43095378
43097537
43111193
43124616
43127768
43131275
43133834
43136950
43139601
43142785
43145203
43147308
43149396
43161807
43175350
43178253
43180563
43182980
43185195
43188342
43190577
43193441
43196164
43198649
43212341
43214427
43216678
43218832
43221052
43229380
43235879
43238204
43240358
43242505
43256314
43258652
43261091
43263180
43277648
43291150
43293216
43295504
43297729
43307126
43320586
43323953
43328775
43330965
43334233
43337450
43340377
43347748
43351325
43365108
43367290
43369441
43383052
43385274
43387415
43394925
43408402
43421892
43435238
43438000
43440509
43443706
43446941
43450238
43464010
43466664
43470129
43472195
43475939
43478589
43481174
43483600
43486126
43489055
43492375
43494785
43503934
43517432
43530878
43574721
43577283
43591853
43594116
43597524
43600256
43613854
43616686
43618756
43622312
43625046
43627797
43631149
43633355
43637133
43639345
43641754
43644152
43647331
43649810
43652440
43654982
43657969
43662714
43666983
43673107
43681669
43693568
43705753
43708199
43710997
43713275
43715751
43719325
43733013
43737449
43739701
43745568
43747763
43761524
43764063
43766895
43769259
43771485
43774332
43779990
43793248
43795495
43797576
43800370
43810445
43823912
43826303
43829359
43831914
43834534
43837716
43841231
43843558
43857329
43859394
43862992
43865273
43868007
43871504
43876444
43878740
43881897
43883942
43886964
43889001
43892663
43894768
43896952
43902911
43905601
43908543
43911223
43913490
43916387
43918436
43920517
43925468
43928017
43930477
43932602
43946197
43949463
43951804
43953954
43956079
43969710
43983403
43985706
43987843
43990053
44003768
44006848
44012076
44014271
44017876
44021369
44023821
44026788
44029718
44031994
44035277
44037461
44039694
44042775
44045596
44047810
44051007
44053466
44056331
44059260
44062425
44074437
44076529
44079948
44082212
44085985
44088532
44090982
44093702
44096102
44098313
44101816
44104252
44106329
44109424
44112210
44114910
44130948
44144412
44147599
44150825
44154126
44157650
44161373
44168113
44171384
44177331
44183757
44188225
44191967
44199394
44204850
44207744
44211040
44221606
44226544
44231337
44236126
44239879
44244098
44246436
44249638
44252979
44257915
44260940
44266299
44269739
44272877
44276222
44289973
44292186
44294283
44307772
44321299
44324486
44338000
44351454
44353928
44367384
44370613
44383968
44386490
44388549
44401935
44405104
44408101
44410783
44412886
44415035
44428452
44443141
44445832
44448431
44451097
44464747
44467828
44482552
44506595
44519947
44522862
44525469
44539025
44542417
44545585
44548882
44557891
44571346
44574597
44578010
44581532
44595095
44597707
44600530
44611077
44624412
44645684
44648232
44652711
44655104
44668640
44682057
44684214
44686283
44699838
44702629
44704857
44707097
44709257
44722955
44726562
44729140
44731572
44734065
44739423
44744701
44758195
44771685
44774485
44777160
44779876
44782379
44785135
44787631
44791011
44794556
44808125
44821714
44835226
44838084
44842082
44855502
44858404
44861672
44864413
44866968
44880454
44893870
44896716
44910144
44913369
44915606
44917660
44931098
44946073
44948420
44953403
44966524
44977427
44979940
44993476
44995969
44998401
45000953
45014550
45017325
45019470
45021633
45035169
45037336
45039506
45053101
45056098
45058520
45060579
45074146
45076252
45078369
45092087
45094986
45097833
45101742
45113173
45126729
45129021
45132199
45145829
45159290
45172724
45186163
45189027
45191416
45204951
45218329
45220441
45233913
45236895
45239344
45242334
45244684
45258180
45283855
45297310
45300783
45314319
45317779
45331377
45334247
45347678
45350309
45352444
45354740
45368227
45370662
45384147
45387492
45400936
45403559
45406057
45419439
45421905
45424532
45426901
45430622
45443777
45457108
45460394
45463561
45465728
45468811
45471755
45473829
45475940
45489463
45506047
45519481
45532933
45556587
45559165
45561675
45564381
45566857
45569245
45572888
45575346
45577819
45580321
45586352
45589281
45602649
45605776
45608262
45610975
45614395
45616945
45619167
45634371
45658849
45672287
45675329
45677599
45679718
45681888
45686445
45688747
45702329
45704943
45707111
45709356
45714012
45727364
45740776
45743590
45745934
45748257
45762622
45765243
45767307
45769379
45782855
45785723
45788473
45790607
45792871
45795057
45808723
45811830
45814255
45816770
45819366
45822303
45824885
45827949
45841668
45855050
45858092
45860229
45862490
45864845
45878476
45881423
45884605
45886684
45900180
45916853
45920210
45922692
45926085
45929588
45932061
45945500
45958884
45960921
45964642
45967073
45980674
45994016
45996662
45999220
46001912
46004475
46007247
46009785
46012517
46026044
46040674
46043526
46046237
46048871
46062379
46064696
46066985
46069780
46071822
46077070
46090402
46104974
46108049
46110215
46112430
46125984
46150209
46162132
46164433
46166586
46171835
46185197
46187874
46190355
46192997
46206350
46208956
46211370
46214148
46216598
46219155
46221698
46224377
46226922
46229556
46243069
46245466
46258863
46272199
46275372
46277476
46279582
46293105
46295647
46298399
46311866
46325272
46327843
46330472
46333308
46335430
46348962
46351692
46365171
46368178
46370435
46372481
46386136
46388862
46402342
46404560
46418182
46420612
46423938
46427494
46440964
46443636
46445797
46447866
46461489
46463998
46466522
46469116
46482777
46485539
46487624
46489891
46492115
46505661
46519047
46532504
46551606
46554027
46556320
46570010
46572160
46574333
46587910
46590573
46604257
46606395
46610096
46612902
46615069
46617264
46630737
46632840
46635767
46638086
46640308
46643538
46645866
46648098
46661566
46664690
46666860
46669073
46682677
46685874
46688724
46702210
46704728
46707782
46710109
46712612
46715133
46717239
46730726
46743985
46747332
46749395
46752647
46754779
46756903
46770375
46772470
46786092
46802741
46805278
46807616
46810067
46812264
46825664
46837587
46839985
46853478
46856226
46862173
46864766
46867522
46870054
46883752
46887140
46889944
46893364
46895938
46909277
46911828
46913932
46917223
46920529
46933951
46947346
46949664
46951792
46965362
46978705
46981183
46994806
46997744
47000475
47002894
47004954
47018396
47020719
47034160
47036735
47040010
47042636
47045431
47058945
47062153
47064553
47068110
47070594
47073190
47076452
47078733
47081786
47095405
47098838
47112483
47115173
47118729
47121286
47123711
47126136
47128608
47142183
47144552
47146880
47160586
47174026
47176651
47190102
47193110
47196268
47199658
47211117
47213619
47227220
47240481
47256752
47270197
47283609
47294807
47308191
47321489
47324667
47327879
47331113
47334341
47337146
47339295
47342048
47344093
47357648
47362245
47375575
47378983
47382043
47384313
47387816
47389991
47403359
47405852
47408304
47411498
47414810
47417601
47419689
47422921
47436684
47450108
47455639
47469007
47471617
47473875
47476013
47489586
47492268
47494741
47496876
47500486
47502569
47504861
47518296
47520358
47522479
47536066
47538625
47540955
47554513
47557080
47559118
47561182
47574658
47577771
47581005
47583960
47586004
47588075
47601600
47615014
47618045
47620107
47622214
47635558
47638192
47643934
47646431
47649710
47663234
47676601
47679001
47681490
47684194
47687511
47689754
47693391
47696945
47710316
47724950
47728062
47730521
47732565
47746018
47748684
47751878
47755106
47758420
47761898
47775401
47788886
47802268
47805536
47808542
47821932
47824428
47827139
47829611
47832195
47845579
47858918
47872268
47887059
47900406
47903589
47906785
47909235
47911293
47924622
47926919
47930580
47932957
47935427
47948987
47952220
47965597
47968257
47970907
47973751
47976372
47979067
47981715
47984188
47997835
48000306
48002660
48006260
48008686
48022237
48024804
48028323
48030703
48033569
48036412
48050153
48053375
48065062
48068229
48081630
48084397
48089716
48092603
48095364
48098347
48100899
48103592
48106117
48119503
48132938
48135526
48138566
48141232
48144429
48146901
48149777
48151833
48153949
48167486
48170235
48173692
48176099
48189566
48202896
48205605
48208458
48211073
48213660
48216331
48218907
48221800
48224371
48227028
48231154
48244481
48246864
48249400
48263044
48266412
48269715
48279073
48292713
48294765
48297009
48310712
48313963
48327471
48340887
48343395
48346318
48350539
48364137
48366188
48368670
48371665
48373830
48375915
48389680
48393112
48395312
48398924
48401047
48403297
48416633
48418709
48420937
48423282
48433457
48446855
48452725
48458921
48465023
48467660
48469996
48472176
48474424
48488145
48496845
48503080
48509583
48514038
48527668
48552108
48571590
48605791
48609490
48613364
48625475
48629175
48632881
48636110
48639955
48653547
48679869
48699898
48713296
48716275
48722715
48736084
48738628
48741515
48743675
48746976
48749178
48752899
48755374
48757571
48759957
48762246
48773899
48776611
48778806
48782585
48785821
48792436
48799040
48802252
48804572
48806823
48809121
48818686
48824354
48835785
48847795
48853735
48856695
48858835
48861003
48865451
48874730
48887999
48890095
48903688
48911085
48915811
48921518
48927250
48940536
48943361
48945777
48959299
48962000
48964874
48978357
49026003
49039376
49042685
49047566
49051567
49056855
49059315
49062237
49065740
49067992
49071270
49074824
49078102
49081434
49095187
49097576
49099732
49102236
49105987
49109011
49113751
49121405
49134927
49137514
49140101
49142953
49156350
49159078
49172498
49175951
49178741
49181763
49195154
49208541
49223512
49236815
49239426
49242428
49244545
49246918
49260399
49263527
49276903
49291670
49294329
49307810
49310958
49312999
49316800
49319991
49323027
49326157
49328221
49341744
49355092
49357136
49370523
49387472
49390774
49404187
49417554
49420708
49435494
49438252
49440825
49443658
49446944
49449788
49463252
49465994
49468607
49471301
49474164
49477419
49480750
49483430
49496961
49514751
49518025
49520065
49522274
49535863
49539169
49541606
49556761
49559802
49566689
49569176
49571445
49573667
49577157
49590567
49603996
49607273
49609955
49613067
49615231
49628652
49632051
49635441
49638817
49642115
49655449
49672892
49689537
49692900
49695890
49699853
49705083
49708357
49711945
49715217
49717761
49720647
49722685
49726027
49739724
49753119
49755156
49758970
49761121
49774552
49789415
49792687
49798748
49801852
49805079
49807284
49810660
49813220
49815263
49818965
49821288
49823406
49836958
49862077
49864960
49867870
49881399
49884141
49897625
49900406
49902906
49908170
49921595
49935049
49937219
49939396
49953047
49983935
49986365
49989987
50003553
50005721
50008061
50010229
50015515
50028789
50031611
50034300
50047787
50050468
50052513
50065977
50069174
50082511
50085275
50087988
50090605
50094121
50096768
50099467
50102404
50104825
50107754
50121176
50123898
50137520
50140048
50142635
50145153
50147803
50151150
50153634
50156993
50170419
50172724
50176005
50179911
50188525
50190865
50194561
50207930
50210451
50223710
50226477
50239886
50253326
50256150
50269667
50272763
50274834
50276945
50290630
50293508
50295651
50297858
50300029
50313644
50315934
50319496
50321833
50323995
50326424
50329577
50331917
50334561
50336896
50339999
50342552
50356071
50359537
50373005
50386467
50399871
50402965
50405885
50408870
50411880
50413934
50416058
50419888
50433243
50436466
50439174
50441212
50443288
50448175
50461872
50464979
50478530
50481654
50484708
50486800
50500119
50503254
50505433
50507521
50520947
50524209
50527306
50529356
50541383
50554621
50557643
50560062
50562195
50575631
50578255
50580740
50583486
50586786
50589209
50592041
50595341
50598675
50613614
50616148
50618566
50631939
50645203
50648474
50651642
50664874
50668213
50670420
50673235
50675329
50678457
50680565
50689926
50694910
50708295
50711481
50714324
50717304
50720340
50723313
50726499
50729588
50732357
50735213
50738339
50740675
50743727
50746537
50749743
50752024
50755168
50760351
50773662
50776016
50778437
50780608
50794153
50796743
50799281
50802561
50815960
50829367
50831977
50845316
50862240
50875637
50888876
50902248
50916912
50919710
50922555
50925477
50928646
50931571
50934672
50937509
50940462
50943173
50946613
50949415
50962890
50965418
50968064
50970541
50973053
50975760
50978542
50981092
50989835
50992446
51005901
51020742
51026424
51029595
51032123
51035118
51041926
51056639
51060046
51063243
51066441
51069391
51072554
51074632
51087983
51091387
51094164
51097306
51100307
51103498
51106686
51108723
51122154
51124936
51127236
51129584
51132095
51134635
51148049
51150649
51154186
51156710
51159249
51161535
51164415
51166831
51180361
51182967
51185583
51188333
51191240
51193734
51196176
51198708
51201061
51204356
51206845
51209538
51212415
51214533
51217395
51219862
51222670
51225448
51228010
51230370
51234031
51236566
51241769
51244267
51247038
51260503
51275166
51278278
51291685
51294192
51296682
51298784
51311872
51314662
51317478
51319769
51333297
51336404
51339712
51343009
51345751
51359168
51373672
51376629
51379073
51381171
51386492
51389311
51391500
51393727
51396073
51409586
51411874
51414471
51428185
51430328
51432488
51446161
51459563
51462276
51464357
51467409
51469997
51472659
51475655
51479089
51481843
51483928
51497490
51499675
51501790
51515337
51517548
51522466
51535920
51538567
51541335
51544131
51557599
51570907
51574100
51577219
51580169
51583427
51586398
51589236
51592423
51594481
51596680
51610275
51613328
51628109
51630542
51643968
51657383
51670763
51673478
51676724
51679684
51682364
51685295
51688431
51691392
51693478
51695599
51697956
51711502
51714555
51717440
51720278
51723106
51726057
51739478
51753869
51757254
51760254
51763528
51766539
51768755
51771002
51773242
51786768
51789767
51803498
51806174
51808547
51810936
51813080
51826645
51829418
51831789
51833888
51836004
51845200
51858517
51873194
51886584
51900004
51902432
51905031
51918486
51931773
51934284
51936823
51939376
51941944
51948368
51953793
51956418
51969966
51972487
51976029
51979506
51993694
51996961
52000215
52002591
52005937
52019683
52022729
52025186
52027332
52029372
52036208
52049486
52070079
52085823
52088766
52091441
52093597
52096904
52110351
52123721
52125976
52129681
52143022
52145913
52148698
52151225
52155590
52157704
52161397
52174807
52188225
52193580
52198728
52212136
52214836
52217997
52220228
52233701
52247085
52249879
52251953
52255551
52268856
52271590
52274902
52277468
52280132
52293676
52296390
52299378
52301890
52315261
52318460
52324825
52327989
52330471
52343980
52357396
52374329
52388791
52391266
52393685
52407226
52409276
52422700
52425398
52428110
52430669
52433993
52436439
52439833
52442522
52445302
52458744
52471527
52474620
52477106
52479962
52493603
52495886
52509324
52512377
52514524
52516722
52530373
52533397
52535512
52537891
52540087
52553769
52557219
52559605
52573184
52575957
52589485
52592025
52605654
52608679
52611499
52624893
52638199
52640749
52642873
52645103
52658656
52662057
52664401
52669353
52673298
52675721
52680270
52693623
52696368
52702283
52704624
52707099
52709569
52713152
52726579
52729465
52732264
52735123
52748633
52762037
52765431
52767763
52769878
52783512
52801447
52819063
52821335
52824835
52838463
52840962
52854616
52867990
52870092
52872396
52885875
52887932
52890319
52892998
52896421
52909866
52912505
52915493
52918254
52921613
52924407
52937863
52940281
52953984
52968795
52972134
52974225
52976296
52989897
52994004
52996142
52999453
53002493
53005487
53008004
53011284
53014169
53016990
53019694
53022370
53024652
53038118
53063933
53070421
53072820
53086350
53088696
53095901
53099177
53102024
53104483
53106909
53110007
53112902
53116399
53118487
53121496
53123832
53137431
53140525
53143875
53146650
53149431
53152211
53154904
53157306
53160571
53162983
53166605
53169958
53183508
53196906
53210292
53213795
53215975
53219754
53222587
53236007
53249359
53252081
53254683
53257350
53260251
53263704
53267216
53269990
53278632
53281426
53284236
53287155
53290431
53293201
53306654
53309801
53311875
53313930
53327567
53330300
53333112
53336286
53339663
53344578
53347422
53360914
53363275
53376764
53379355
53381871
53384470
53387799
53390058
53393265
53395833
53410912
53413763
53416596
53430071
53433488
53435597
53439036
53441110
53443238
53456823
53459485
53461532
53466400
53479802
53482710
53484803
53498276
53501310
53503676
53505818
53508825
53522149
53538591
53551907
53565204
53567680
53570875
53574118
53576963
53590457
53593806
53595854
53609239
53622572
53625875
53628512
53631963
53634333
53636665
53639123
53652665
53666050
53668712
53670926
53672991
53686554
53689310
53692618
53695443
53698336
53701511
53704382
53717769
53720616
53723794
53737457
53740312
53742545
53744820
53746943
53760455
53765996
53769615
53771670
53785178
53790905
53794429
53796536
53809829
53812683
53815281
53817816
53820498
53823202
53825882
53828527
53831406
53834232
53837057
53839547
53842079
53844798
53847730
53850141
53853374
53855782
53869304
53872154
53874609
53881594
53884295
53887244
53893287
53906725
53909464
53912072
53914851
53928534
53931314
53934482
53937543
53940482
53954135
53956831
53959585
53962524
53965396
53968084
53970977
53973842
53979448
53982821
53987676
53997147
53999810
54002468
54005560
54008535
54022226
54025319
54027778
54030614
54032688
54034838
54046233
54050859
54064400
54067319
54069694
54071778
54074137
54076500
54082181
54086788
54089233
54094117
54096438
54101870
54103920
54117533
54120162
54133761
54136788
54139647
54142173
54144932
54147618
54150437
54156544
54169947
54172489
54185972
54192285
54198372
54200547
54202746
54216204
54230660
54233815
54236584
54238632
54240718
54254256
54267658
54270366
54272650
54274830
54276993
54290519
54292958
54295425
54298236
54301209
54314903
54317966
54320055
54322094
54330133
54343504
54361325
54364741
54367658
54381287
54383718
54387318
54390233
54394144
54398208
54404832
54408981
54413126
54417684
54431260
54444710
54448187
54450235
54463479
54466131
54468745
54471505
54485053
54507384
54509865
54512386
54515487
54518385
54521178
54533091
54536675
54539732
54546017
54549817
54553558
54567026
54585485
54587994
54593332
54598772
54601848
54604687
54607812
54610930
54614199
54617553
54619640
54623075
54625660
54630672
54644182
54647449
54658753
54661321
54664531
54667069
54669752
54672286
54677065
54690513
54693180
54696061
54698204
54700284
54710272
54712368
54716502
54718723
54732393
54743502
54756942
54770417
54772474
54774580
54788123
54790419
54795373
54808687
54811459
54814357
54827959
54830556
54833844
54837358
54850635
54865544
54868038
54881570
54898443
54901076
54903743
54906821
54920189
54923213
54926422
54929750
54932927
54935107
54937346
54950950
54964329
54967724
54972817
54975367
54988893
54991414
54999607
55013020
55015940
55018161
55020358
55025442
55030376
55035763
55037928
55044842
55051414
55055034
55057299
55059441
55061641
55072599
55086049
55089280
55092670
55097860
55111469
55114497
55116833
55118969
55121282
55134955
55148433
55161852
55164352
55177785
55191192
55205815
55208492
55211553
55214286
55216968
55219645
55222316
55225065
55227693
55230223
55232747
55235509
55238801
55252247
55254502
55258065
55260714
55262905
55266251
55268311
55271989
55274789
55277004
55280156
55282920
55286327
55288642
55291102
55293523
55295934
55299443
55302140
55304514
55307261
55309316
55312589
55326282
55329622
55332846
55335863
55338297
55341496
55343576
55347072
55349899
55363717
55365787
55367976
55378785
55384808
55390983
55397276
55399641
55412264
55415115
55417597
55419664
55421815
55427095
55429313
55433198
55435571
55437670
55442033
55444540
55446639
55448824
55462099
55467953
55470244
55472292
55478770
55482722
55484811
55487043
55495362
55497496
55505457
55507761
55509991
55512273
55514538
55528420
55550554
55587907
55665726
55667937
55670293
55673743
55676564
55678733
55681145
55684670
55686967
55690015
55695169
55698139
55700319
55703794
55706197
55708482
55710982
55714438
55717787
55720885
55734366
55737512
55739559
55741597
55755225
55758331
55760639
55762823
55776342
55789831
55792604
55795520
55798905
55801672
55815182
55818523
55820809
55822900
55836336
55850244
55856752
55858872
55861091
55865327
55871355
55873717
55875855
55889517
55901864
55908057
55921567
55923886
55927542
55929752
55932231
55934366
55947983
55950061
55952206
55965778
55979231
55981284
55983372
55997031
56010428
56012652
56014859
56028471
56030621
56033253
56036112
56039660
56052198
56054734
56068214
56071487
56073588
56076466
56079709
56081765
56095215
56111735
56125194
56142615
56145153
56148300
56151669
56165180
56168536
56170892
56173144
56176480
56179137
56185856
56188862
56191194
56193841
56199453
56210131
56216507
56229219
56234392
56241444
56254129
56269612
56272186
56274345
56276463
56290108
56292228
56294633
56296991
56299288
56312935
56315464
56329061
56342499
56344755
56348356
56362000
56375484
56388907
56402363
56404635
56407185
56409289
56423249
56425752
56428223
56431346
56433521
56435834
56439266
56442150
56445392
56447685
56449822
56452141
56454296
56467956
56470669
56473117
56476306
56489801
56503251
56506034
56508804
56511415
56513804
56516271
56529809
56533139
56535186
56538014
56540288
56553734
56556757
56558817
56572328
56574910
56577630
56591129
56598060
56601263
56604726
56618310
56631751
56646359
56659861
56662698
56665956
56679484
56682446
56684764
56686999
56689112
56695061
56708460
56711439
56713849
56716940
56720181
56733644
56746985
56749731
56763403
56766209
56769548
56772527
56775761
56789229
56792095
56794978
56797496
56802881
56805535
56807610
56821286
56823325
56825480
56830220
56835907
56842800
56856363
56858443
56860508
56874200
56876379
56879613
56882820
56886095
56899621
56901944
56905308
56908520
56911854
56925562
56941826
56955308
56958074
56960430
56962594
56964832
56969343
56982699
56989455
56991979
56994093
57007610
57011090
57014378
57017617
57021291
57035005
57048498
57050559
57052766
57057651
57059796
57073375
57086726
57089647
57092453
57094965
57097428
57100204
57102703
57105479
57107959
57110721
57124218
57126363
57128527
57142147
57145148
57147471
57149620
57163193
57165237
57167394
57181121
57194582
57197467
57211018
57213978
57217410
57231051
57234079
57247806
57261345
57283246
57298839
57301834
57303938
57306276
57319848
57355413
57358289
57360596
57363991
57377451
57399789
57402121
57415671
57429117
57432301
57435590
57438809
57442074
57455648
57469093
57472429
57474558
57476785
57490411
57493804
57507457
57510326
57523894
57527027
57529127
57531334
57544903
57547943
57551210
57554413
57558102
57571789
57575157
57577716
57579788
57582431
57584653
57586715
57602465
57605751
57619569
57637491
57664723
57668170
57670748
57673586
57687159
57700618
57714086
57733463
57746915
57749947
57752128
57755711
57757819
57759966
57764319
57777823
57781164
57783391
57786792
57789903
57793270
57795874
57798637
57812336
57814424
57816563
57830077
57833197
57836550
57839311
57852765
57855637
57858466
57861685
57864954
57878441
57891851
57905293
57907912
57910560
57913564
57916985
57920126
57933742
57937058
57944189
57947528
57954541
57958039
57961463
57964943
57968334
57971840
57985441
57998921
58001808
58015423
58018197
58020255
58022329
58035889
58038661
58041165
58043837
58057356
58059899
58063192
58076718
58079642
58082500
58085740
58088650
58091431
58094755
58096872
58099046
58112708
58114934
58118375
58121619
58135223
58137899
58151437
58154481
58156754
58158926
58161112
58174801
58178017
58180164
58182223
58191968
58197530
58200772
58202848
58204968
58218615
58220662
58224150
58226421
58228811
58231226
58244864
58258363
58263147
58276492
58281633
58283670
58297209
58300120
58302502
58305230
58307588
58310489
58312582
58314901
58320374
58333799
58347231
58349822
58352388
58355641
58367266
58380900
58394364
58396863
58404007
58417463
58420162
58423126
58425212
58427316
58440760
58443771
58445840
58459215
58474042
58476691
58478916
58481472
58484728
58487981
58494851
58497289
58499464
58501792
58504114
58517550
58539462
58542068
58555729
58559177
58572847
58576142
58579499
58584309
58597879
58611274
58624721
58648569
58662019
58664175
58677646
58679709
58681863
58691800
58695964
58698038
58711794
58714113
58717275
58720194
58723571
58725813
58729224
58742716
58756056
58759079
58761856
58765372
58778823
58792259
58795284
58797416
58799678
58801814
58815459
58828855
58831876
58833938
58836000
58840386
58853747
58856609
58860459
58873900
58887385
58890625
58892678
58906049
58909541
58912819
58926102
58929019
58932404
58934606
58937701
58940292
58942911
58956445
58959723
58962876
58965016
58967172
58980770
58983983
58986086
58988271
59001861
59005379
59007469
59009531
59023024
59025083
59027209
59040832
59043031
59045575
59047967
59051581
59054288
59057013
59059896
59063036
59065397
59068565
59082282
59085398
59087652
59089793
59092031
59105611
59109177
59112961
59115413
59128971
59132422
59135767
59138918
59142263
59145770
59159322
59175774
59178151
59181154
59183921
59186114
59188481
59190853
59194078
59197215
59200510
59203732
59217124
59230554
59244002
59246094
59248228
59261890
59265086
59268425
59282028
59295426
59298060
59301476
59304373
59315310
59319255
59322520
59325098
59328466
59342060
59345475
59348920
59362491
59364625
59366757
59380424
59383103
59386726
59400325
59402517
59404741
59406985
59415393
59417553
59423009
59425247
59427497
59441141
59444451
59446683
59449692
59463397
59476907
59479133
59482723
59488041
59490952
59504422
59507920
59510609
59512710
59515526
59517614
59531119
59534231
59536335
59538432
59552205
59555610
59568502
59581978
59585412
59592197
59595075
59601875
59608360
59613319
59617894
59624282
59630062
59636950
59643443
59656921
59670364
59673424
59676100
59678333
59680748
59682989
59685276
59698914
59717476
59720185
59722245
59724454
59726722
59731565
59733881
59738799
59752688
59756778
59760513
59762879
59765016
59775032
59777389
59779605
59783678
59786026
59788168
59801706
59804338
59810025
59812418
59814805
59817824
